question_id,f0,f1,f2,f3,f4,f5,f6,f7,f8,f9,f10,f11,f12,f13,f14,f15,f16,f17,f18,f19,f20,r1,r2,s,ground_truth
11ed00b2-0941-4e2d-a6f6-490295175ae9,1.9000019,0.0,0.0,0.17011736,0.0,0.0,0.0,0.0,0.0,0.0,0.0,0.0,1.7590296,0.0,0.0,0.14511709,0.0,0.0,0.0,0.0,1.0,0,0.6931471805599453,3.6590314,1
11ed00b2-0941-4e2d-a6f6-490295175ae9,0.30991578,0.0,0.0,0.0,0.0,0.0,0.0,0.0,0.0,0.0,0.0,0.0,0.28404343,0.0,0.0,0.0,0.0,0.0,0.0,0.0,0.5,1,0.4054651081081644,0.5939592,0
11ed00b2-0941-4e2d-a6f6-490295175ae9,0.27485925,0.0,0.0,0.0,0.0,0.0,0.0,0.0,0.0,0.0,0.0,0.0,0.25721937,0.0,0.0,0.0,0.0,0.0,0.0,0.0,0.5,2,0.2876820724517809,0.5320786,0
11ed00b2-0941-4e2d-a6f6-490295175ae9,0.27485925,0.0,0.0,0.0,0.0,0.0,0.0,0.0,0.0,0.0,0.0,0.0,0.24283586,0.0,0.0,0.0,0.0,0.0,0.0,0.0,0.5,3,0.22314355131420976,0.5176951,0
11ed00b2-0941-4e2d-a6f6-490295175ae9,0.25145158,0.0,0.0,0.0,0.0,0.0,0.0,0.0,0.0,0.0,0.0,0.0,0.24283586,0.0,0.0,0.0,0.0,0.0,0.0,0.0,0.5,4,0.18232155679395462,0.49428743,0
11ed00b2-0941-4e2d-a6f6-490295175ae9,0.25145158,0.0,0.0,0.0,0.0,0.0,0.0,0.0,0.0,0.0,0.0,0.0,0.24283586,0.0,0.0,0.0,0.0,0.0,0.0,0.0,0.5,5,0.1541506798272583,0.49428743,0
11ed00b2-0941-4e2d-a6f6-490295175ae9,0.25145158,0.0,0.0,0.0,0.0,0.0,0.0,0.0,0.0,0.0,0.0,0.0,0.21942818,0.0,0.0,0.0,0.0,0.0,0.0,0.0,0.5,6,0.13353139262452263,0.47087976,0
11ed00b2-0941-4e2d-a6f6-490295175ae9,0.25145158,0.0,0.0,0.0,0.0,0.0,0.0,0.0,0.0,0.0,0.0,0.0,0.21942818,0.0,0.0,0.0,0.0,0.0,0.0,0.0,0.5,7,0.11778303565638346,0.47087976,0
11ed00b2-0941-4e2d-a6f6-490295175ae9,0.25145158,0.0,0.0,0.0,0.0,0.0,0.0,0.0,0.0,0.0,0.0,0.0,0.21942818,0.0,0.0,0.0,0.0,0.0,0.0,0.0,0.5,8,0.1053605156578263,0.47087976,0
11ed00b2-0941-4e2d-a6f6-490295175ae9,0.20974265,0.0,0.0,0.0,0.0,0.0,0.0,0.0,0.0,0.0,0.0,0.0,0.17771927,0.0,0.0,0.0,0.0,0.0,0.0,0.0,0.5,9,0.09531017980432487,0.3874619,0
0e4a1a8a-f9f2-4957-a04c-fae0ecad5616,2.9910889,0.8358201,0.59185004,0.8358201,0.0,0.0,0.0,0.0,0.0,0.0,0.0,0.0,3.2552583,0.9042503,0.50963736,0.9042503,0.0,0.0,0.0,0.0,0.75,0,0.6931471805599453,6.2463474,1
0e4a1a8a-f9f2-4957-a04c-fae0ecad5616,1.3637213,0.2911032,0.0,0.2911032,0.0,0.0,0.0,0.0,0.0,0.0,0.0,0.0,1.2470945,0.24593547,0.0,0.24593547,0.0,0.0,0.0,0.0,0.375,1,0.4054651081081644,2.6108158,0
0e4a1a8a-f9f2-4957-a04c-fae0ecad5616,1.1409703,0.0,0.0,0.0,0.0,0.0,0.0,0.0,0.0,0.0,0.0,0.0,1.1071893,0.0,0.0,0.0,0.0,0.0,0.0,0.0,0.5,2,0.2876820724517809,2.2481596,0
0e4a1a8a-f9f2-4957-a04c-fae0ecad5616,0.8007191,0.0,0.0,0.0,0.0,0.0,0.0,0.0,0.0,0.0,0.0,0.0,0.7241538,0.0,0.0,0.0,0.0,0.0,0.0,0.0,0.25,3,0.22314355131420976,1.5248729,0
0e4a1a8a-f9f2-4957-a04c-fae0ecad5616,0.8025543,0.0,0.0,0.0,0.0,0.0,0.0,0.0,0.0,0.0,0.0,0.0,0.71332496,0.0,0.0,0.0,0.0,0.0,0.0,0.0,0.5,4,0.18232155679395462,1.5158793,0
0e4a1a8a-f9f2-4957-a04c-fae0ecad5616,0.76511085,0.0,0.0,0.0,0.0,0.0,0.0,0.0,0.0,0.0,0.0,0.0,0.70032287,0.0,0.0,0.0,0.0,0.0,0.0,0.0,0.25,5,0.1541506798272583,1.4654337,0
0e4a1a8a-f9f2-4957-a04c-fae0ecad5616,0.7152272,0.0,0.0,0.0,0.0,0.0,0.0,0.0,0.0,0.0,0.0,0.0,0.6361177,0.0,0.0,0.0,0.0,0.0,0.0,0.0,0.375,6,0.13353139262452263,1.3513448,0
0e4a1a8a-f9f2-4957-a04c-fae0ecad5616,0.681989,0.0,0.0,0.0,0.0,0.0,0.0,0.0,0.0,0.0,0.0,0.0,0.6232637,0.0,0.0,0.0,0.0,0.0,0.0,0.0,0.25,7,0.11778303565638346,1.3052528,0
0e4a1a8a-f9f2-4957-a04c-fae0ecad5616,0.62297314,0.0,0.0,0.0,0.0,0.0,0.0,0.0,0.0,0.0,0.0,0.0,0.56479937,0.0,0.0,0.0,0.0,0.0,0.0,0.0,0.25,8,0.1053605156578263,1.1877725,0
0e4a1a8a-f9f2-4957-a04c-fae0ecad5616,0.5812642,0.0,0.0,0.0,0.0,0.0,0.0,0.0,0.0,0.0,0.0,0.0,0.5230906,0.0,0.0,0.0,0.0,0.0,0.0,0.0,0.25,9,0.09531017980432487,1.1043549,0
6c0148dd-8b6a-4cb7-9459-66d698b02680,1.1256857,0.34502605,0.0,0.34502605,0.0,0.0,0.0,0.0,0.0,0.0,0.0,0.0,1.0125873,0.2873019,0.0,0.2873019,0.0,0.0,0.0,0.0,0.6666667,0,0.6931471805599453,2.138273,1
6c0148dd-8b6a-4cb7-9459-66d698b02680,1.009995,0.5576744,0.0,0.5576744,0.0,0.0,0.0,0.0,0.0,0.0,0.0,0.0,0.9294571,0.5122578,0.0,0.5122578,0.0,0.0,0.0,0.0,0.6666667,1,0.4054651081081644,1.9394522,0
6c0148dd-8b6a-4cb7-9459-66d698b02680,0.77692384,0.0,0.0,0.0,0.0,0.0,0.0,0.0,0.0,0.0,0.0,0.0,0.7082303,0.0,0.0,0.0,0.0,0.0,0.0,0.0,0.33333334,2,0.2876820724517809,1.4851542,0
6c0148dd-8b6a-4cb7-9459-66d698b02680,0.7188519,0.0,0.0,0.0,0.0,0.0,0.0,0.0,0.0,0.0,0.0,0.0,0.6385181,0.0,0.0,0.0,0.0,0.0,0.0,0.0,0.6666667,3,0.22314355131420976,1.35737,0
6c0148dd-8b6a-4cb7-9459-66d698b02680,0.51463896,0.0,0.0,0.0,0.0,0.0,0.0,0.0,0.0,0.0,0.0,0.0,0.4663285,0.0,0.0,0.0,0.0,0.0,0.0,0.0,0.33333334,4,0.18232155679395462,0.98096746,0
6c0148dd-8b6a-4cb7-9459-66d698b02680,0.499258,0.0,0.0,0.0,0.0,0.0,0.0,0.0,0.0,0.0,0.0,0.0,0.44880933,0.0,0.0,0.0,0.0,0.0,0.0,0.0,0.33333334,5,0.1541506798272583,0.9480673,0
6c0148dd-8b6a-4cb7-9459-66d698b02680,0.41336417,0.0,0.0,0.0,0.0,0.0,0.0,0.0,0.0,0.0,0.0,0.0,0.36882907,0.0,0.0,0.0,0.0,0.0,0.0,0.0,0.33333334,6,0.13353139262452263,0.78219324,0
6c0148dd-8b6a-4cb7-9459-66d698b02680,0.37165526,0.0,0.0,0.0,0.0,0.0,0.0,0.0,0.0,0.0,0.0,0.0,0.32712016,0.0,0.0,0.0,0.0,0.0,0.0,0.0,0.33333334,7,0.11778303565638346,0.6987754,0
6c0148dd-8b6a-4cb7-9459-66d698b02680,0.30991578,0.0,0.0,0.0,0.0,0.0,0.0,0.0,0.0,0.0,0.0,0.0,0.28404343,0.0,0.0,0.0,0.0,0.0,0.0,0.0,0.33333334,8,0.1053605156578263,0.5939592,0
6c0148dd-8b6a-4cb7-9459-66d698b02680,0.27485925,0.0,0.0,0.0,0.0,0.0,0.0,0.0,0.0,0.0,0.0,0.0,0.25721937,0.0,0.0,0.0,0.0,0.0,0.0,0.0,0.33333334,9,0.09531017980432487,0.5320786,0
c17865ff-4594-4e9f-9946-1283627b019d,1.1256857,0.34502605,0.0,0.34502605,0.0,0.0,0.0,0.0,0.0,0.0,0.0,0.0,1.0125873,0.2873019,0.0,0.2873019,0.0,0.0,0.0,0.0,0.6666667,0,0.6931471805599453,2.138273,0
c17865ff-4594-4e9f-9946-1283627b019d,1.009995,0.5576744,0.0,0.5576744,0.0,0.0,0.0,0.0,0.0,0.0,0.0,0.0,0.9294571,0.5122578,0.0,0.5122578,0.0,0.0,0.0,0.0,0.6666667,1,0.4054651081081644,1.9394522,1
c17865ff-4594-4e9f-9946-1283627b019d,0.77692384,0.0,0.0,0.0,0.0,0.0,0.0,0.0,0.0,0.0,0.0,0.0,0.7082303,0.0,0.0,0.0,0.0,0.0,0.0,0.0,0.33333334,2,0.2876820724517809,1.4851542,0
c17865ff-4594-4e9f-9946-1283627b019d,0.7188519,0.0,0.0,0.0,0.0,0.0,0.0,0.0,0.0,0.0,0.0,0.0,0.6385181,0.0,0.0,0.0,0.0,0.0,0.0,0.0,0.6666667,3,0.22314355131420976,1.35737,0
c17865ff-4594-4e9f-9946-1283627b019d,0.51463896,0.0,0.0,0.0,0.0,0.0,0.0,0.0,0.0,0.0,0.0,0.0,0.4663285,0.0,0.0,0.0,0.0,0.0,0.0,0.0,0.33333334,4,0.18232155679395462,0.98096746,0
c17865ff-4594-4e9f-9946-1283627b019d,0.499258,0.0,0.0,0.0,0.0,0.0,0.0,0.0,0.0,0.0,0.0,0.0,0.44880933,0.0,0.0,0.0,0.0,0.0,0.0,0.0,0.33333334,5,0.1541506798272583,0.9480673,0
c17865ff-4594-4e9f-9946-1283627b019d,0.41336417,0.0,0.0,0.0,0.0,0.0,0.0,0.0,0.0,0.0,0.0,0.0,0.36882907,0.0,0.0,0.0,0.0,0.0,0.0,0.0,0.33333334,6,0.13353139262452263,0.78219324,0
c17865ff-4594-4e9f-9946-1283627b019d,0.37165526,0.0,0.0,0.0,0.0,0.0,0.0,0.0,0.0,0.0,0.0,0.0,0.32712016,0.0,0.0,0.0,0.0,0.0,0.0,0.0,0.33333334,7,0.11778303565638346,0.6987754,0
c17865ff-4594-4e9f-9946-1283627b019d,0.30991578,0.0,0.0,0.0,0.0,0.0,0.0,0.0,0.0,0.0,0.0,0.0,0.28404343,0.0,0.0,0.0,0.0,0.0,0.0,0.0,0.33333334,8,0.1053605156578263,0.5939592,0
c17865ff-4594-4e9f-9946-1283627b019d,0.27485925,0.0,0.0,0.0,0.0,0.0,0.0,0.0,0.0,0.0,0.0,0.0,0.25721937,0.0,0.0,0.0,0.0,0.0,0.0,0.0,0.33333334,9,0.09531017980432487,0.5320786,0
a65dc611-0e3f-42cc-8941-153d493794d2,5.2401485,1.6869491,0.37165526,1.6869491,0.0,0.0,0.0,0.0,0.0,0.0,0.0,0.0,4.928526,1.5165908,0.32712016,1.5165908,0.0,0.0,0.0,0.0,0.5,0,0.6931471805599453,10.168674,1
a65dc611-0e3f-42cc-8941-153d493794d2,1.9447811,0.0,0.0,0.0,0.0,0.0,0.0,0.0,0.0,0.0,0.0,0.0,1.8636404,0.0,0.0,0.0,0.0,0.0,0.0,0.0,0.16666667,1,0.4054651081081644,3.8084216,0
a65dc611-0e3f-42cc-8941-153d493794d2,1.6547875,0.0,0.0,0.0,0.0,0.0,0.0,0.0,0.0,0.0,0.0,0.0,1.4666001,0.0,0.0,0.0,0.0,0.0,0.0,0.0,0.2777778,2,0.2876820724517809,3.1213875,0
a65dc611-0e3f-42cc-8941-153d493794d2,1.5358112,0.0,0.0,0.0,0.0,0.0,0.0,0.0,0.0,0.0,0.0,0.0,1.4003127,0.0,0.0,0.0,0.0,0.0,0.0,0.0,0.16666667,3,0.22314355131420976,2.9361238,0
a65dc611-0e3f-42cc-8941-153d493794d2,1.2506591,0.0,0.0,0.0,0.0,0.0,0.0,0.0,0.0,0.0,0.0,0.0,1.1438149,0.0,0.0,0.0,0.0,0.0,0.0,0.0,0.16666667,4,0.18232155679395462,2.394474,0
a65dc611-0e3f-42cc-8941-153d493794d2,1.258959,0.0,0.0,0.0,0.0,0.0,0.0,0.0,0.0,0.0,0.0,0.0,1.1131825,0.0,0.0,0.0,0.0,0.0,0.0,0.0,0.2777778,5,0.1541506798272583,2.3721416,0
a65dc611-0e3f-42cc-8941-153d493794d2,1.1129649,0.0,0.0,0.0,0.0,0.0,0.0,0.0,0.0,0.0,0.0,0.0,1.0886667,0.0,0.0,0.0,0.0,0.0,0.0,0.0,0.16666667,6,0.13353139262452263,2.2016315,0
a65dc611-0e3f-42cc-8941-153d493794d2,0.9772072,0.49347743,0.0,0.49347743,0.0,0.0,0.0,0.0,0.0,0.0,0.0,0.0,0.964541,0.5106332,0.0,0.5106332,0.0,0.0,0.0,0.0,0.16666667,7,0.11778303565638346,1.9417481,0
a65dc611-0e3f-42cc-8941-153d493794d2,0.8568326,0.08816848,0.0,0.08816848,0.0,0.0,0.0,0.0,0.0,0.0,0.0,0.0,0.95077986,0.07079054,0.0,0.07079054,0.0,0.0,0.0,0.0,0.11111111,8,0.1053605156578263,1.8076124,0
a65dc611-0e3f-42cc-8941-153d493794d2,0.86445224,0.0,0.0,0.0,0.0,0.0,0.0,0.0,0.0,0.0,0.0,0.0,0.77448994,0.0,0.0,0.0,0.0,0.0,0.0,0.0,0.16666667,9,0.09531017980432487,1.6389422,0
5ff2c241-6fc7-46f9-bb18-8bf2d4cd4f75,5.2401485,1.6869491,0.37165526,1.6869491,0.0,0.0,0.0,0.0,0.0,0.0,0.0,0.0,4.928526,1.5165908,0.32712016,1.5165908,0.0,0.0,0.0,0.0,0.5,0,0.6931471805599453,10.168674,0
5ff2c241-6fc7-46f9-bb18-8bf2d4cd4f75,1.9447811,0.0,0.0,0.0,0.0,0.0,0.0,0.0,0.0,0.0,0.0,0.0,1.8636404,0.0,0.0,0.0,0.0,0.0,0.0,0.0,0.16666667,1,0.4054651081081644,3.8084216,0
5ff2c241-6fc7-46f9-bb18-8bf2d4cd4f75,1.6547875,0.0,0.0,0.0,0.0,0.0,0.0,0.0,0.0,0.0,0.0,0.0,1.4666001,0.0,0.0,0.0,0.0,0.0,0.0,0.0,0.2777778,2,0.2876820724517809,3.1213875,0
5ff2c241-6fc7-46f9-bb18-8bf2d4cd4f75,1.5358112,0.0,0.0,0.0,0.0,0.0,0.0,0.0,0.0,0.0,0.0,0.0,1.4003127,0.0,0.0,0.0,0.0,0.0,0.0,0.0,0.16666667,3,0.22314355131420976,2.9361238,1
5ff2c241-6fc7-46f9-bb18-8bf2d4cd4f75,1.2506591,0.0,0.0,0.0,0.0,0.0,0.0,0.0,0.0,0.0,0.0,0.0,1.1438149,0.0,0.0,0.0,0.0,0.0,0.0,0.0,0.16666667,4,0.18232155679395462,2.394474,0
5ff2c241-6fc7-46f9-bb18-8bf2d4cd4f75,1.258959,0.0,0.0,0.0,0.0,0.0,0.0,0.0,0.0,0.0,0.0,0.0,1.1131825,0.0,0.0,0.0,0.0,0.0,0.0,0.0,0.2777778,5,0.1541506798272583,2.3721416,0
5ff2c241-6fc7-46f9-bb18-8bf2d4cd4f75,1.1129649,0.0,0.0,0.0,0.0,0.0,0.0,0.0,0.0,0.0,0.0,0.0,1.0886667,0.0,0.0,0.0,0.0,0.0,0.0,0.0,0.16666667,6,0.13353139262452263,2.2016315,0
5ff2c241-6fc7-46f9-bb18-8bf2d4cd4f75,0.9772072,0.49347743,0.0,0.49347743,0.0,0.0,0.0,0.0,0.0,0.0,0.0,0.0,0.964541,0.5106332,0.0,0.5106332,0.0,0.0,0.0,0.0,0.16666667,7,0.11778303565638346,1.9417481,0
5ff2c241-6fc7-46f9-bb18-8bf2d4cd4f75,0.8568326,0.08816848,0.0,0.08816848,0.0,0.0,0.0,0.0,0.0,0.0,0.0,0.0,0.95077986,0.07079054,0.0,0.07079054,0.0,0.0,0.0,0.0,0.11111111,8,0.1053605156578263,1.8076124,0
5ff2c241-6fc7-46f9-bb18-8bf2d4cd4f75,0.86445224,0.0,0.0,0.0,0.0,0.0,0.0,0.0,0.0,0.0,0.0,0.0,0.77448994,0.0,0.0,0.0,0.0,0.0,0.0,0.0,0.16666667,9,0.09531017980432487,1.6389422,0
91364b1c-6a7b-4a35-9603-8b5963e96cf1,1.1862365,0.0,0.0,0.0,0.0,0.0,0.0,0.0,0.0,0.0,0.0,0.0,1.1023762,0.0,0.0,0.0,0.0,0.0,0.0,0.0,0.5,0,0.6931471805599453,2.2886128,1
91364b1c-6a7b-4a35-9603-8b5963e96cf1,0.499258,0.0,0.0,0.0,0.0,0.0,0.0,0.0,0.0,0.0,0.0,0.0,0.44880933,0.0,0.0,0.0,0.0,0.0,0.0,0.0,0.5,1,0.4054651081081644,0.9480673,0
91364b1c-6a7b-4a35-9603-8b5963e96cf1,0.30991578,0.0,0.0,0.0,0.0,0.0,0.0,0.0,0.0,0.0,0.0,0.0,0.28404343,0.0,0.0,0.0,0.0,0.0,0.0,0.0,0.5,2,0.2876820724517809,0.5939592,0
91364b1c-6a7b-4a35-9603-8b5963e96cf1,0.27485925,0.0,0.0,0.0,0.0,0.0,0.0,0.0,0.0,0.0,0.0,0.0,0.25721937,0.0,0.0,0.0,0.0,0.0,0.0,0.0,0.5,3,0.22314355131420976,0.5320786,0
91364b1c-6a7b-4a35-9603-8b5963e96cf1,0.27485925,0.0,0.0,0.0,0.0,0.0,0.0,0.0,0.0,0.0,0.0,0.0,0.24283586,0.0,0.0,0.0,0.0,0.0,0.0,0.0,0.5,4,0.18232155679395462,0.5176951,0
91364b1c-6a7b-4a35-9603-8b5963e96cf1,0.25145158,0.0,0.0,0.0,0.0,0.0,0.0,0.0,0.0,0.0,0.0,0.0,0.24283586,0.0,0.0,0.0,0.0,0.0,0.0,0.0,0.5,5,0.1541506798272583,0.49428743,0
91364b1c-6a7b-4a35-9603-8b5963e96cf1,0.25145158,0.0,0.0,0.0,0.0,0.0,0.0,0.0,0.0,0.0,0.0,0.0,0.24283586,0.0,0.0,0.0,0.0,0.0,0.0,0.0,0.5,6,0.13353139262452263,0.49428743,0
91364b1c-6a7b-4a35-9603-8b5963e96cf1,0.25145158,0.0,0.0,0.0,0.0,0.0,0.0,0.0,0.0,0.0,0.0,0.0,0.21942818,0.0,0.0,0.0,0.0,0.0,0.0,0.0,0.5,7,0.11778303565638346,0.47087976,0
91364b1c-6a7b-4a35-9603-8b5963e96cf1,0.25145158,0.0,0.0,0.0,0.0,0.0,0.0,0.0,0.0,0.0,0.0,0.0,0.21942818,0.0,0.0,0.0,0.0,0.0,0.0,0.0,0.5,8,0.1053605156578263,0.47087976,0
91364b1c-6a7b-4a35-9603-8b5963e96cf1,0.25145158,0.0,0.0,0.0,0.0,0.0,0.0,0.0,0.0,0.0,0.0,0.0,0.21942818,0.0,0.0,0.0,0.0,0.0,0.0,0.0,0.5,9,0.09531017980432487,0.47087976,0
3390e382-f7df-4a47-babc-0943024dcf41,3.468251,1.4834064,0.23116054,1.8714879,0.0,0.0,0.0,0.0,0.0,0.0,0.0,0.0,3.2012832,1.3538305,0.2008407,1.6881903,0.0,0.0,0.0,0.0,0.6666667,0,0.6931471805599453,6.669534,1
3390e382-f7df-4a47-babc-0943024dcf41,0.9505759,0.0,0.0,0.0,0.0,0.0,0.0,0.0,0.0,0.0,0.0,0.0,0.88692313,0.0,0.0,0.0,0.0,0.0,0.0,0.0,0.16666667,1,0.4054651081081644,1.837499,0
3390e382-f7df-4a47-babc-0943024dcf41,0.8317028,0.055532977,0.0,0.055532977,0.0,0.0,0.0,0.0,0.0,0.0,0.0,0.0,0.7427385,0.032774724,0.0,0.032774724,0.0,0.0,0.0,0.0,0.33333334,2,0.2876820724517809,1.5744413,0
3390e382-f7df-4a47-babc-0943024dcf41,0.771964,0.0,0.0,0.0,0.0,0.0,0.0,0.0,0.0,0.0,0.0,0.0,0.7018621,0.0,0.0,0.0,0.0,0.0,0.0,0.0,0.16666667,3,0.22314355131420976,1.4738262,0
3390e382-f7df-4a47-babc-0943024dcf41,0.641688,0.0,0.0,0.0,0.0,0.0,0.0,0.0,0.0,0.0,0.0,0.0,0.5668041,0.0,0.0,0.0,0.0,0.0,0.0,0.0,0.33333334,4,0.18232155679395462,1.208492,0
3390e382-f7df-4a47-babc-0943024dcf41,0.6392634,0.0,0.0,0.0,0.0,0.0,0.0,0.0,0.0,0.0,0.0,0.0,0.5578873,0.0,0.0,0.0,0.0,0.0,0.0,0.0,0.33333334,5,0.1541506798272583,1.1971507,0
3390e382-f7df-4a47-babc-0943024dcf41,0.5513733,0.0,0.0,0.0,0.0,0.0,0.0,0.0,0.0,0.0,0.0,0.0,0.5055049,0.0,0.0,0.0,0.0,0.0,0.0,0.0,0.33333334,6,0.13353139262452263,1.0568782,0
3390e382-f7df-4a47-babc-0943024dcf41,0.5201065,0.0,0.0,0.0,0.0,0.0,0.0,0.0,0.0,0.0,0.0,0.0,0.46563968,0.0,0.0,0.0,0.0,0.0,0.0,0.0,0.16666667,7,0.11778303565638346,0.98574615,0
3390e382-f7df-4a47-babc-0943024dcf41,0.37968338,0.0,0.0,0.0,0.0,0.0,0.0,0.0,0.0,0.0,0.0,0.0,0.34116778,0.0,0.0,0.0,0.0,0.0,0.0,0.0,0.16666667,8,0.1053605156578263,0.7208512,0
3390e382-f7df-4a47-babc-0943024dcf41,0.35585248,0.0,0.0,0.0,0.0,0.0,0.0,0.0,0.0,0.0,0.0,0.0,0.33172038,0.0,0.0,0.0,0.0,0.0,0.0,0.0,0.16666667,9,0.09531017980432487,0.68757284,0
07b77c91-fe01-497d-835f-8beedd456557,5.0612063,0.0,1.4834064,0.0,0.0,0.0,0.0,0.0,0.0,0.0,0.0,0.0,4.6885085,0.0,1.3538305,0.0,0.0,0.0,0.0,0.0,0.6666667,0,0.6931471805599453,9.749715,1
07b77c91-fe01-497d-835f-8beedd456557,1.6441472,0.33750764,0.0,0.33750764,0.0,0.0,0.0,0.0,0.0,0.0,0.0,0.0,1.4817228,0.29297253,0.0,0.29297253,0.0,0.0,0.0,0.0,0.33333334,1,0.4054651081081644,3.12587,0
07b77c91-fe01-497d-835f-8beedd456557,0.7292262,0.15557443,0.0,0.15557443,0.0,0.0,0.0,0.0,0.0,0.0,0.0,0.0,0.6487359,0.1281702,0.0,0.1281702,0.0,0.0,0.0,0.0,0.22222222,2,0.2876820724517809,1.3779621,0
07b77c91-fe01-497d-835f-8beedd456557,0.6776943,0.0,0.0,0.0,0.0,0.0,0.0,0.0,0.0,0.0,0.0,0.0,0.59742767,0.0,0.0,0.0,0.0,0.0,0.0,0.0,0.22222222,3,0.22314355131420976,1.2751219,0
07b77c91-fe01-497d-835f-8beedd456557,0.66076434,0.0,0.0,0.0,0.0,0.0,0.0,0.0,0.0,0.0,0.0,0.0,0.6120381,0.0,0.0,0.0,0.0,0.0,0.0,0.0,0.11111111,4,0.18232155679395462,1.2728024,0
07b77c91-fe01-497d-835f-8beedd456557,0.64638084,0.0,0.0,0.0,0.0,0.0,0.0,0.0,0.0,0.0,0.0,0.0,0.6025907,0.0,0.0,0.0,0.0,0.0,0.0,0.0,0.11111111,5,0.1541506798272583,1.2489715,0
07b77c91-fe01-497d-835f-8beedd456557,0.62297314,0.0,0.0,0.0,0.0,0.0,0.0,0.0,0.0,0.0,0.0,0.0,0.5647995,0.0,0.0,0.0,0.0,0.0,0.0,0.0,0.22222222,6,0.13353139262452263,1.1877726,0
07b77c91-fe01-497d-835f-8beedd456557,0.61392355,0.0,0.0,0.0,0.0,0.0,0.0,0.0,0.0,0.0,0.0,0.0,0.5688057,0.0,0.0,0.0,0.0,0.0,0.0,0.0,0.22222222,7,0.11778303565638346,1.1827292,0
07b77c91-fe01-497d-835f-8beedd456557,0.4096374,0.0,0.0,0.0,0.0,0.0,0.0,0.0,0.0,0.0,0.0,0.0,0.36397356,0.0,0.0,0.0,0.0,0.0,0.0,0.0,0.22222222,8,0.1053605156578263,0.77361095,0
07b77c91-fe01-497d-835f-8beedd456557,0.3808758,0.0,0.0,0.0,0.0,0.0,0.0,0.0,0.0,0.0,0.0,0.0,0.3497728,0.0,0.0,0.0,0.0,0.0,0.0,0.0,0.11111111,9,0.09531017980432487,0.73064864,0
0fd2da52-dcbc-496d-8148-cb1d24dfe455,0.8645055,0.0,0.0,0.0,0.0,0.0,0.0,0.0,0.0,0.0,0.0,0.0,0.7633177,0.0,0.0,0.0,0.0,0.0,0.0,0.0,1.0,0,0.6931471805599453,1.6278232,0
0fd2da52-dcbc-496d-8148-cb1d24dfe455,0.61541563,0.0,0.0,0.0,0.0,0.0,0.0,0.0,0.0,0.0,0.0,0.0,0.5506275,0.0,0.0,0.0,0.0,0.0,0.0,0.0,0.33333334,1,0.4054651081081644,1.1660432,0
0fd2da52-dcbc-496d-8148-cb1d24dfe455,0.5998016,0.0,0.0,0.0,0.0,0.0,0.0,0.0,0.0,0.0,0.0,0.0,0.55317026,0.0,0.0,0.0,0.0,0.0,0.0,0.0,0.33333334,2,0.2876820724517809,1.1529719,0
0fd2da52-dcbc-496d-8148-cb1d24dfe455,0.5728824,0.0,0.0,0.0,0.0,0.0,0.0,0.0,0.0,0.0,0.0,0.0,0.5069293,0.0,0.0,0.0,0.0,0.0,0.0,0.0,0.6666667,3,0.22314355131420976,1.0798117,0
0fd2da52-dcbc-496d-8148-cb1d24dfe455,0.52606714,0.0,0.0,0.0,0.0,0.0,0.0,0.0,0.0,0.0,0.0,0.0,0.5069293,0.0,0.0,0.0,0.0,0.0,0.0,0.0,0.6666667,4,0.18232155679395462,1.0329964,0
0fd2da52-dcbc-496d-8148-cb1d24dfe455,0.499258,0.0,0.0,0.0,0.0,0.0,0.0,0.0,0.0,0.0,0.0,0.0,0.44880933,0.0,0.0,0.0,0.0,0.0,0.0,0.0,0.33333334,5,0.1541506798272583,0.9480673,0
0fd2da52-dcbc-496d-8148-cb1d24dfe455,0.32931915,0.0,0.0,0.0,0.0,0.0,0.0,0.0,0.0,0.0,0.0,0.0,0.32773188,0.0,0.0,0.0,0.0,0.0,0.0,0.0,0.6666667,6,0.13353139262452263,0.657051,0
0fd2da52-dcbc-496d-8148-cb1d24dfe455,0.32931915,0.0,0.0,0.0,0.0,0.0,0.0,0.0,0.0,0.0,0.0,0.0,0.2809165,0.0,0.0,0.0,0.0,0.0,0.0,0.0,0.6666667,7,0.11778303565638346,0.6102357,0
0fd2da52-dcbc-496d-8148-cb1d24dfe455,0.31240672,0.0,0.0,0.0,0.0,0.0,0.0,0.0,0.0,0.0,0.0,0.0,0.2879243,0.0,0.0,0.0,0.0,0.0,0.0,0.0,0.33333334,8,0.1053605156578263,0.600331,0
0fd2da52-dcbc-496d-8148-cb1d24dfe455,0.30991578,0.0,0.0,0.0,0.0,0.0,0.0,0.0,0.0,0.0,0.0,0.0,0.28404343,0.0,0.0,0.0,0.0,0.0,0.0,0.0,0.33333334,9,0.09531017980432487,0.5939592,0
343e677a-7a7b-4c9d-9e52-2b673485deac,0.7866379,0.0,0.0,0.0,0.0,0.0,0.0,0.0,0.0,0.0,0.0,0.0,0.7018294,0.0,0.0,0.0,0.0,0.0,0.0,0.0,1.0,0,0.6931471805599453,1.4884672,0
343e677a-7a7b-4c9d-9e52-2b673485deac,0.61541563,0.0,0.0,0.0,0.0,0.0,0.0,0.0,0.0,0.0,0.0,0.0,0.5506275,0.0,0.0,0.0,0.0,0.0,0.0,0.0,0.5,1,0.4054651081081644,1.1660432,0
343e677a-7a7b-4c9d-9e52-2b673485deac,0.5998016,0.0,0.0,0.0,0.0,0.0,0.0,0.0,0.0,0.0,0.0,0.0,0.55317026,0.0,0.0,0.0,0.0,0.0,0.0,0.0,0.5,2,0.2876820724517809,1.1529719,0
343e677a-7a7b-4c9d-9e52-2b673485deac,0.5728824,0.0,0.0,0.0,0.0,0.0,0.0,0.0,0.0,0.0,0.0,0.0,0.5069293,0.0,0.0,0.0,0.0,0.0,0.0,0.0,1.0,3,0.22314355131420976,1.0798117,1
343e677a-7a7b-4c9d-9e52-2b673485deac,0.52606714,0.0,0.0,0.0,0.0,0.0,0.0,0.0,0.0,0.0,0.0,0.0,0.5069293,0.0,0.0,0.0,0.0,0.0,0.0,0.0,1.0,4,0.18232155679395462,1.0329964,0
343e677a-7a7b-4c9d-9e52-2b673485deac,0.499258,0.0,0.0,0.0,0.0,0.0,0.0,0.0,0.0,0.0,0.0,0.0,0.44880933,0.0,0.0,0.0,0.0,0.0,0.0,0.0,0.5,5,0.1541506798272583,0.9480673,0
343e677a-7a7b-4c9d-9e52-2b673485deac,0.31240672,0.0,0.0,0.0,0.0,0.0,0.0,0.0,0.0,0.0,0.0,0.0,0.2879243,0.0,0.0,0.0,0.0,0.0,0.0,0.0,0.5,6,0.13353139262452263,0.600331,0
343e677a-7a7b-4c9d-9e52-2b673485deac,0.30991578,0.0,0.0,0.0,0.0,0.0,0.0,0.0,0.0,0.0,0.0,0.0,0.28404343,0.0,0.0,0.0,0.0,0.0,0.0,0.0,0.5,7,0.11778303565638346,0.5939592,0
343e677a-7a7b-4c9d-9e52-2b673485deac,0.27461553,0.0,0.0,0.0,0.0,0.0,0.0,0.0,0.0,0.0,0.0,0.0,0.2640934,0.0,0.0,0.0,0.0,0.0,0.0,0.0,0.5,8,0.1053605156578263,0.5387089,0
343e677a-7a7b-4c9d-9e52-2b673485deac,0.27485925,0.0,0.0,0.0,0.0,0.0,0.0,0.0,0.0,0.0,0.0,0.0,0.25721937,0.0,0.0,0.0,0.0,0.0,0.0,0.0,0.5,9,0.09531017980432487,0.5320786,0
f38f6f8b-a624-427d-881b-0f8c6358b71a,0.64383507,0.0,0.0,0.0,0.0,0.0,0.0,0.0,0.0,0.0,0.0,0.0,0.6154134,0.0,0.0,0.0,0.0,0.0,0.0,0.0,0.6666667,0,0.6931471805599453,1.2592485,0
f38f6f8b-a624-427d-881b-0f8c6358b71a,0.61541563,0.0,0.0,0.0,0.0,0.0,0.0,0.0,0.0,0.0,0.0,0.0,0.5506275,0.0,0.0,0.0,0.0,0.0,0.0,0.0,0.33333334,1,0.4054651081081644,1.1660432,0
f38f6f8b-a624-427d-881b-0f8c6358b71a,0.6130539,0.0,0.0,0.0,0.0,0.0,0.0,0.0,0.0,0.0,0.0,0.0,0.5438895,0.0,0.0,0.0,0.0,0.0,0.0,0.0,0.6666667,2,0.2876820724517809,1.1569434,1
f38f6f8b-a624-427d-881b-0f8c6358b71a,0.5998016,0.0,0.0,0.0,0.0,0.0,0.0,0.0,0.0,0.0,0.0,0.0,0.55317026,0.0,0.0,0.0,0.0,0.0,0.0,0.0,0.33333334,3,0.22314355131420976,1.1529719,0
f38f6f8b-a624-427d-881b-0f8c6358b71a,0.41866255,0.0,0.0,0.0,0.0,0.0,0.0,0.0,0.0,0.0,0.0,0.0,0.39732617,0.0,0.0,0.0,0.0,0.0,0.0,0.0,0.6666667,4,0.18232155679395462,0.8159887,0
f38f6f8b-a624-427d-881b-0f8c6358b71a,0.3636693,0.0,0.0,0.0,0.0,0.0,0.0,0.0,0.0,0.0,0.0,0.0,0.30598283,0.0,0.0,0.0,0.0,0.0,0.0,0.0,0.6666667,5,0.1541506798272583,0.6696521,0
f38f6f8b-a624-427d-881b-0f8c6358b71a,0.31240672,0.0,0.0,0.0,0.0,0.0,0.0,0.0,0.0,0.0,0.0,0.0,0.2879243,0.0,0.0,0.0,0.0,0.0,0.0,0.0,0.33333334,6,0.13353139262452263,0.600331,0
f38f6f8b-a624-427d-881b-0f8c6358b71a,0.2980232,0.0,0.0,0.0,0.0,0.0,0.0,0.0,0.0,0.0,0.0,0.0,0.2640934,0.0,0.0,0.0,0.0,0.0,0.0,0.0,0.33333334,7,0.11778303565638346,0.5621166,0
f38f6f8b-a624-427d-881b-0f8c6358b71a,0.27461553,0.0,0.0,0.0,0.0,0.0,0.0,0.0,0.0,0.0,0.0,0.0,0.2640934,0.0,0.0,0.0,0.0,0.0,0.0,0.0,0.33333334,8,0.1053605156578263,0.5387089,0
f38f6f8b-a624-427d-881b-0f8c6358b71a,0.24798495,0.0,0.0,0.0,0.0,0.0,0.0,0.0,0.0,0.0,0.0,0.0,0.2066054,0.0,0.0,0.0,0.0,0.0,0.0,0.0,0.6666667,9,0.09531017980432487,0.45459035,0
bd1ff5d5-5e39-4f2c-8690-a82148af55b4,0.61541563,0.0,0.0,0.0,0.0,0.0,0.0,0.0,0.0,0.0,0.0,0.0,0.5506275,0.0,0.0,0.0,0.0,0.0,0.0,0.0,1.0,0,0.6931471805599453,1.1660432,1
bd1ff5d5-5e39-4f2c-8690-a82148af55b4,0.5998016,0.0,0.0,0.0,0.0,0.0,0.0,0.0,0.0,0.0,0.0,0.0,0.55317026,0.0,0.0,0.0,0.0,0.0,0.0,0.0,1.0,1,0.4054651081081644,1.1529719,0
bd1ff5d5-5e39-4f2c-8690-a82148af55b4,0.53518635,0.0,0.0,0.0,0.0,0.0,0.0,0.0,0.0,0.0,0.0,0.0,0.4824012,0.0,0.0,0.0,0.0,0.0,0.0,0.0,1.0,2,0.2876820724517809,1.0175875,0
bd1ff5d5-5e39-4f2c-8690-a82148af55b4,0.31240672,0.0,0.0,0.0,0.0,0.0,0.0,0.0,0.0,0.0,0.0,0.0,0.2879243,0.0,0.0,0.0,0.0,0.0,0.0,0.0,1.0,3,0.22314355131420976,0.600331,0
bd1ff5d5-5e39-4f2c-8690-a82148af55b4,0.2980232,0.0,0.0,0.0,0.0,0.0,0.0,0.0,0.0,0.0,0.0,0.0,0.2640934,0.0,0.0,0.0,0.0,0.0,0.0,0.0,1.0,4,0.18232155679395462,0.5621166,0
bd1ff5d5-5e39-4f2c-8690-a82148af55b4,0.27461553,0.0,0.0,0.0,0.0,0.0,0.0,0.0,0.0,0.0,0.0,0.0,0.2640934,0.0,0.0,0.0,0.0,0.0,0.0,0.0,1.0,5,0.1541506798272583,0.5387089,0
bd1ff5d5-5e39-4f2c-8690-a82148af55b4,0.27461553,0.0,0.0,0.0,0.0,0.0,0.0,0.0,0.0,0.0,0.0,0.0,0.2640934,0.0,0.0,0.0,0.0,0.0,0.0,0.0,1.0,6,0.13353139262452263,0.5387089,0
f43e5801-1554-4aea-9459-5d456fd87ced,3.5461166,0.22341514,0.0,0.22341514,0.0,0.0,0.0,0.0,0.0,0.0,0.0,0.0,3.3924227,0.23879491,0.0,0.23879491,0.0,0.0,0.0,0.0,0.5,0,0.6931471805599453,6.9385395,1
f43e5801-1554-4aea-9459-5d456fd87ced,2.1743188,0.0,0.0,0.0,0.0,0.0,0.0,0.0,0.0,0.0,0.0,0.0,1.9281961,0.0,0.0,0.0,0.0,0.0,0.0,0.0,0.5,1,0.4054651081081644,4.1025147,0
f43e5801-1554-4aea-9459-5d456fd87ced,1.6808455,0.33407176,0.20913868,0.33407176,0.0,0.0,0.0,0.0,0.0,0.0,0.0,0.0,1.4899466,0.27056706,0.18274952,0.27056706,0.0,0.0,0.0,0.0,0.4375,2,0.2876820724517809,3.170792,0
f43e5801-1554-4aea-9459-5d456fd87ced,1.5387901,0.07099581,0.0,0.07099581,0.0,0.0,0.0,0.0,0.0,0.0,0.0,0.0,1.2897857,0.04359158,0.0,0.04359158,0.0,0.0,0.0,0.0,0.4375,3,0.22314355131420976,2.8285758,0
f43e5801-1554-4aea-9459-5d456fd87ced,1.4098928,0.030174054,0.0,0.030174054,0.0,0.0,0.0,0.0,0.0,0.0,0.0,0.0,1.3028601,0.031897847,0.0,0.031897847,0.0,0.0,0.0,0.0,0.3125,4,0.18232155679395462,2.7127528,0
f43e5801-1554-4aea-9459-5d456fd87ced,1.1879295,0.035965554,0.0,0.035965554,0.0,0.0,0.0,0.0,0.0,0.0,0.0,0.0,1.0466031,0.018966712,0.0,0.018966712,0.0,0.0,0.0,0.0,0.25,5,0.1541506798272583,2.2345326,0
f43e5801-1554-4aea-9459-5d456fd87ced,1.1581595,0.0,0.0,0.0,0.0,0.0,0.0,0.0,0.0,0.0,0.0,0.0,1.0472006,0.0,0.0,0.0,0.0,0.0,0.0,0.0,0.1875,6,0.13353139262452263,2.20536,0
f43e5801-1554-4aea-9459-5d456fd87ced,1.148392,0.0,0.0,0.0,0.0,0.0,0.0,0.0,0.0,0.0,0.0,0.0,0.9841952,0.0,0.0,0.0,0.0,0.0,0.0,0.0,0.3125,7,0.11778303565638346,2.1325872,0
f43e5801-1554-4aea-9459-5d456fd87ced,0.75447613,0.0,0.0,0.0,0.0,0.0,0.0,0.0,0.0,0.0,0.0,0.0,0.6523987,0.0,0.0,0.0,0.0,0.0,0.0,0.0,0.25,8,0.1053605156578263,1.4068749,0
f43e5801-1554-4aea-9459-5d456fd87ced,0.5571176,0.0,0.0,0.0,0.0,0.0,0.0,0.0,0.0,0.0,0.0,0.0,0.5942217,0.0,0.0,0.0,0.0,0.0,0.0,0.0,0.25,9,0.09531017980432487,1.1513393,0
48891d9e-3e70-4c80-874a-1d65fee7cb64,2.102335,0.0,0.0,0.071983844,0.0,0.0,0.0,0.0,0.0,0.0,0.0,0.0,1.8791962,0.0,0.0,0.048999924,0.0,0.0,0.0,0.0,0.7,0,0.6931471805599453,3.9815311,0
48891d9e-3e70-4c80-874a-1d65fee7cb64,1.6768533,0.22341514,0.0,0.22341514,0.0,0.0,0.0,0.0,0.0,0.0,0.0,0.0,1.6125658,0.23879491,0.0,0.23879491,0.0,0.0,0.0,0.0,0.5,1,0.4054651081081644,3.2894192,0
48891d9e-3e70-4c80-874a-1d65fee7cb64,1.5095975,0.33407176,0.20913868,0.33407176,0.0,0.0,0.0,0.0,0.0,0.0,0.0,0.0,1.3416824,0.27056706,0.18274952,0.27056706,0.0,0.0,0.0,0.0,0.6,2,0.2876820724517809,2.85128,1
48891d9e-3e70-4c80-874a-1d65fee7cb64,1.3326329,0.07099581,0.0,0.07099581,0.0,0.0,0.0,0.0,0.0,0.0,0.0,0.0,1.1221441,0.04359158,0.0,0.04359158,0.0,0.0,0.0,0.0,0.6,3,0.22314355131420976,2.454777,0
48891d9e-3e70-4c80-874a-1d65fee7cb64,1.2242612,0.030174054,0.0,0.030174054,0.0,0.0,0.0,0.0,0.0,0.0,0.0,0.0,1.1307651,0.031897847,0.0,0.031897847,0.0,0.0,0.0,0.0,0.4,4,0.18232155679395462,2.3550262,0
48891d9e-3e70-4c80-874a-1d65fee7cb64,1.1879295,0.035965554,0.0,0.035965554,0.0,0.0,0.0,0.0,0.0,0.0,0.0,0.0,1.0466031,0.018966712,0.0,0.018966712,0.0,0.0,0.0,0.0,0.4,5,0.1541506798272583,2.2345326,0
48891d9e-3e70-4c80-874a-1d65fee7cb64,0.62297314,0.0,0.0,0.0,0.0,0.0,0.0,0.0,0.0,0.0,0.0,0.0,0.56479937,0.0,0.0,0.0,0.0,0.0,0.0,0.0,0.2,6,0.13353139262452263,1.1877725,0
48891d9e-3e70-4c80-874a-1d65fee7cb64,0.60318184,0.0,0.0,0.0,0.0,0.0,0.0,0.0,0.0,0.0,0.0,0.0,0.5211819,0.0,0.0,0.0,0.0,0.0,0.0,0.0,0.3,7,0.11778303565638346,1.1243637,0
48891d9e-3e70-4c80-874a-1d65fee7cb64,0.6006689,0.0,0.0,0.0,0.0,0.0,0.0,0.0,0.0,0.0,0.0,0.0,0.51904684,0.0,0.0,0.0,0.0,0.0,0.0,0.0,0.3,8,0.1053605156578263,1.1197157,0
48891d9e-3e70-4c80-874a-1d65fee7cb64,0.55615926,0.0,0.0,0.0,0.0,0.0,0.0,0.0,0.0,0.0,0.0,0.0,0.4963749,0.0,0.0,0.0,0.0,0.0,0.0,0.0,0.2,9,0.09531017980432487,1.0525341,0
ea8b5860-44f3-40ca-8206-0593706aad67,2.2120397,0.22341514,0.0,0.22341514,0.0,0.0,0.0,0.0,0.0,0.0,0.0,0.0,2.1183746,0.23879491,0.0,0.23879491,0.0,0.0,0.0,0.0,0.5,0,0.6931471805599453,4.3304143,0
ea8b5860-44f3-40ca-8206-0593706aad67,2.102335,0.0,0.0,0.0,0.0,0.0,0.0,0.0,0.0,0.0,0.0,0.0,1.8791962,0.0,0.0,0.0,0.0,0.0,0.0,0.0,0.5833334,1,0.4054651081081644,3.9815311,0
ea8b5860-44f3-40ca-8206-0593706aad67,1.5095975,0.33407176,0.20913868,0.33407176,0.0,0.0,0.0,0.0,0.0,0.0,0.0,0.0,1.3416824,0.27056706,0.18274952,0.27056706,0.0,0.0,0.0,0.0,0.5,2,0.2876820724517809,2.85128,0
ea8b5860-44f3-40ca-8206-0593706aad67,1.3326329,0.07099581,0.0,0.07099581,0.0,0.0,0.0,0.0,0.0,0.0,0.0,0.0,1.1221441,0.04359158,0.0,0.04359158,0.0,0.0,0.0,0.0,0.5,3,0.22314355131420976,2.454777,0
ea8b5860-44f3-40ca-8206-0593706aad67,1.2242612,0.030174054,0.0,0.030174054,0.0,0.0,0.0,0.0,0.0,0.0,0.0,0.0,1.1307651,0.031897847,0.0,0.031897847,0.0,0.0,0.0,0.0,0.33333334,4,0.18232155679395462,2.3550262,0
ea8b5860-44f3-40ca-8206-0593706aad67,1.1879295,0.035965554,0.0,0.035965554,0.0,0.0,0.0,0.0,0.0,0.0,0.0,0.0,1.0466031,0.018966712,0.0,0.018966712,0.0,0.0,0.0,0.0,0.33333334,5,0.1541506798272583,2.2345326,0
ea8b5860-44f3-40ca-8206-0593706aad67,1.1581595,0.0,0.0,0.0,0.0,0.0,0.0,0.0,0.0,0.0,0.0,0.0,1.0472006,0.0,0.0,0.0,0.0,0.0,0.0,0.0,0.25,6,0.13353139262452263,2.20536,0
ea8b5860-44f3-40ca-8206-0593706aad67,0.8576561,0.0,0.0,0.0,0.0,0.0,0.0,0.0,0.0,0.0,0.0,0.0,0.7319749,0.0,0.0,0.0,0.0,0.0,0.0,0.0,0.33333334,7,0.11778303565638346,1.5896311,0
ea8b5860-44f3-40ca-8206-0593706aad67,0.75447613,0.0,0.0,0.0,0.0,0.0,0.0,0.0,0.0,0.0,0.0,0.0,0.6523987,0.0,0.0,0.0,0.0,0.0,0.0,0.0,0.33333334,8,0.1053605156578263,1.4068749,0
ea8b5860-44f3-40ca-8206-0593706aad67,0.60318184,0.0,0.0,0.0,0.0,0.0,0.0,0.0,0.0,0.0,0.0,0.0,0.5211819,0.0,0.0,0.0,0.0,0.0,0.0,0.0,0.25,9,0.09531017980432487,1.1243637,0
2ed9dceb-470c-44ad-9a2f-c3d490249351,3.5461166,0.22341514,0.0,0.22341514,0.0,0.0,0.0,0.0,0.0,0.0,0.0,0.0,3.3924227,0.23879491,0.0,0.23879491,0.0,0.0,0.0,0.0,0.53333336,0,0.6931471805599453,6.9385395,0
2ed9dceb-470c-44ad-9a2f-c3d490249351,1.6808455,0.33407176,0.20913868,0.33407176,0.0,0.0,0.0,0.0,0.0,0.0,0.0,0.0,1.4899466,0.27056706,0.18274952,0.27056706,0.0,0.0,0.0,0.0,0.4666667,1,0.4054651081081644,3.170792,0
2ed9dceb-470c-44ad-9a2f-c3d490249351,1.5387901,0.07099581,0.0,0.07099581,0.0,0.0,0.0,0.0,0.0,0.0,0.0,0.0,1.2897857,0.04359158,0.0,0.04359158,0.0,0.0,0.0,0.0,0.4666667,2,0.2876820724517809,2.8285758,1
2ed9dceb-470c-44ad-9a2f-c3d490249351,1.4098928,0.030174054,0.0,0.030174054,0.0,0.0,0.0,0.0,0.0,0.0,0.0,0.0,1.3028601,0.031897847,0.0,0.031897847,0.0,0.0,0.0,0.0,0.33333334,3,0.22314355131420976,2.7127528,0
2ed9dceb-470c-44ad-9a2f-c3d490249351,1.4023547,0.0,0.0,0.0,0.0,0.0,0.0,0.0,0.0,0.0,0.0,0.0,1.226334,0.0,0.0,0.0,0.0,0.0,0.0,0.0,0.4666667,4,0.18232155679395462,2.6286888,0
2ed9dceb-470c-44ad-9a2f-c3d490249351,1.1879295,0.035965554,0.0,0.035965554,0.0,0.0,0.0,0.0,0.0,0.0,0.0,0.0,1.0466031,0.018966712,0.0,0.018966712,0.0,0.0,0.0,0.0,0.26666668,5,0.1541506798272583,2.2345326,0
2ed9dceb-470c-44ad-9a2f-c3d490249351,1.1581595,0.0,0.0,0.0,0.0,0.0,0.0,0.0,0.0,0.0,0.0,0.0,1.0472006,0.0,0.0,0.0,0.0,0.0,0.0,0.0,0.20000002,6,0.13353139262452263,2.20536,0
2ed9dceb-470c-44ad-9a2f-c3d490249351,1.148392,0.0,0.0,0.0,0.0,0.0,0.0,0.0,0.0,0.0,0.0,0.0,0.9841952,0.0,0.0,0.0,0.0,0.0,0.0,0.0,0.33333334,7,0.11778303565638346,2.1325872,0
2ed9dceb-470c-44ad-9a2f-c3d490249351,0.75447613,0.0,0.0,0.0,0.0,0.0,0.0,0.0,0.0,0.0,0.0,0.0,0.6523987,0.0,0.0,0.0,0.0,0.0,0.0,0.0,0.26666668,8,0.1053605156578263,1.4068749,0
2ed9dceb-470c-44ad-9a2f-c3d490249351,0.5571176,0.0,0.0,0.0,0.0,0.0,0.0,0.0,0.0,0.0,0.0,0.0,0.5942217,0.0,0.0,0.0,0.0,0.0,0.0,0.0,0.26666668,9,0.09531017980432487,1.1513393,0
2073137c-722c-4895-9aea-043d94e42d07,1.0831528,0.44802648,0.0,0.44802648,0.0,0.0,0.0,0.0,0.0,0.0,0.0,0.0,0.98044395,0.39402187,0.0,0.39402187,0.0,0.0,0.0,0.0,0.5,0,0.6931471805599453,2.0635967,1
2073137c-722c-4895-9aea-043d94e42d07,0.89812404,0.4012111,0.0,0.4012111,0.0,0.0,0.0,0.0,0.0,0.0,0.0,0.0,0.7961669,0.3472065,0.0,0.3472065,0.0,0.0,0.0,0.0,0.75,1,0.4054651081081644,1.6942909,0
2073137c-722c-4895-9aea-043d94e42d07,0.66076434,0.0,0.0,0.0,0.0,0.0,0.0,0.0,0.0,0.0,0.0,0.0,0.6120381,0.0,0.0,0.0,0.0,0.0,0.0,0.0,0.25,2,0.2876820724517809,1.2728024,0
2073137c-722c-4895-9aea-043d94e42d07,0.5812642,0.0,0.0,0.0,0.0,0.0,0.0,0.0,0.0,0.0,0.0,0.0,0.5230906,0.0,0.0,0.0,0.0,0.0,0.0,0.0,0.5,3,0.22314355131420976,1.1043549,0
2073137c-722c-4895-9aea-043d94e42d07,0.56120455,0.0,0.0,0.0,0.0,0.0,0.0,0.0,0.0,0.0,0.0,0.0,0.4936855,0.0,0.0,0.0,0.0,0.0,0.0,0.0,0.5,4,0.18232155679395462,1.05489,0
2073137c-722c-4895-9aea-043d94e42d07,0.53804713,0.0,0.0,0.0,0.0,0.0,0.0,0.0,0.0,0.0,0.0,0.0,0.47713277,0.0,0.0,0.0,0.0,0.0,0.0,0.0,0.5,5,0.1541506798272583,1.0151799,0
2073137c-722c-4895-9aea-043d94e42d07,0.499258,0.0,0.0,0.0,0.0,0.0,0.0,0.0,0.0,0.0,0.0,0.0,0.44880933,0.0,0.0,0.0,0.0,0.0,0.0,0.0,0.25,6,0.13353139262452263,0.9480673,0
2073137c-722c-4895-9aea-043d94e42d07,0.37165526,0.0,0.0,0.0,0.0,0.0,0.0,0.0,0.0,0.0,0.0,0.0,0.32712016,0.0,0.0,0.0,0.0,0.0,0.0,0.0,0.5,7,0.11778303565638346,0.6987754,0
2073137c-722c-4895-9aea-043d94e42d07,0.32931915,0.0,0.0,0.0,0.0,0.0,0.0,0.0,0.0,0.0,0.0,0.0,0.32773188,0.0,0.0,0.0,0.0,0.0,0.0,0.0,0.5,8,0.1053605156578263,0.657051,0
2073137c-722c-4895-9aea-043d94e42d07,0.32931915,0.0,0.0,0.0,0.0,0.0,0.0,0.0,0.0,0.0,0.0,0.0,0.2809165,0.0,0.0,0.0,0.0,0.0,0.0,0.0,0.5,9,0.09531017980432487,0.6102357,0
1d7b36e7-71c0-4b33-81ea-afe262ad067f,1.0831528,0.44802648,0.0,0.44802648,0.0,0.0,0.0,0.0,0.0,0.0,0.0,0.0,0.98044395,0.39402187,0.0,0.39402187,0.0,0.0,0.0,0.0,1.0,0,0.6931471805599453,2.0635967,0
1d7b36e7-71c0-4b33-81ea-afe262ad067f,0.8202565,0.4012111,0.0,0.4012111,0.0,0.0,0.0,0.0,0.0,0.0,0.0,0.0,0.7346786,0.3472065,0.0,0.3472065,0.0,0.0,0.0,0.0,1.0,1,0.4054651081081644,1.5549351,1
1d7b36e7-71c0-4b33-81ea-afe262ad067f,0.66076434,0.0,0.0,0.0,0.0,0.0,0.0,0.0,0.0,0.0,0.0,0.0,0.6120381,0.0,0.0,0.0,0.0,0.0,0.0,0.0,0.5,2,0.2876820724517809,1.2728024,0
1d7b36e7-71c0-4b33-81ea-afe262ad067f,0.5812642,0.0,0.0,0.0,0.0,0.0,0.0,0.0,0.0,0.0,0.0,0.0,0.5230906,0.0,0.0,0.0,0.0,0.0,0.0,0.0,0.5,3,0.22314355131420976,1.1043549,0
1d7b36e7-71c0-4b33-81ea-afe262ad067f,0.43677187,0.0,0.0,0.0,0.0,0.0,0.0,0.0,0.0,0.0,0.0,0.0,0.39223677,0.0,0.0,0.0,0.0,0.0,0.0,0.0,0.5,4,0.18232155679395462,0.82900864,0
1d7b36e7-71c0-4b33-81ea-afe262ad067f,0.41336417,0.0,0.0,0.0,0.0,0.0,0.0,0.0,0.0,0.0,0.0,0.0,0.36882907,0.0,0.0,0.0,0.0,0.0,0.0,0.0,0.5,5,0.1541506798272583,0.78219324,0
1d7b36e7-71c0-4b33-81ea-afe262ad067f,0.37165526,0.0,0.0,0.0,0.0,0.0,0.0,0.0,0.0,0.0,0.0,0.0,0.32712016,0.0,0.0,0.0,0.0,0.0,0.0,0.0,0.5,6,0.13353139262452263,0.6987754,0
1d7b36e7-71c0-4b33-81ea-afe262ad067f,0.25574756,0.0,0.0,0.0,0.0,0.0,0.0,0.0,0.0,0.0,0.0,0.0,0.23449437,0.0,0.0,0.0,0.0,0.0,0.0,0.0,0.5,7,0.11778303565638346,0.49024194,0
1d7b36e7-71c0-4b33-81ea-afe262ad067f,0.22069103,0.0,0.0,0.0,0.0,0.0,0.0,0.0,0.0,0.0,0.0,0.0,0.19328679,0.0,0.0,0.0,0.0,0.0,0.0,0.0,0.5,8,0.1053605156578263,0.4139778,0
1d7b36e7-71c0-4b33-81ea-afe262ad067f,0.19728334,0.0,0.0,0.0,0.0,0.0,0.0,0.0,0.0,0.0,0.0,0.0,0.16987911,0.0,0.0,0.0,0.0,0.0,0.0,0.0,0.5,9,0.09531017980432487,0.36716247,0
659e3174-7a76-4f9d-9058-b980b3d251a2,5.615243,0.8098019,0.49881586,0.8632131,0.0,0.0,0.0,0.0,0.0,0.0,0.0,0.0,5.1032643,0.7230869,0.41822,0.7625276,0.0,0.0,0.0,0.0,0.5625,0,0.6931471805599453,10.718508,0
659e3174-7a76-4f9d-9058-b980b3d251a2,3.146802,0.0,0.011702321,0.0,0.0,0.0,0.0,0.0,0.0,0.0,0.0,0.0,2.824645,0.0,0.0,0.0,0.0,0.0,0.0,0.0,0.375,1,0.4054651081081644,5.971447,0
659e3174-7a76-4f9d-9058-b980b3d251a2,2.7973197,0.0,0.07175696,0.0,0.0,0.0,0.0,0.0,0.0,0.0,0.0,0.0,2.4819322,0.0,0.05196528,0.0,0.0,0.0,0.0,0.0,0.4375,2,0.2876820724517809,5.279252,0
659e3174-7a76-4f9d-9058-b980b3d251a2,1.8567203,0.0,0.0,0.0,0.0,0.0,0.0,0.0,0.0,0.0,0.0,0.0,1.6671312,0.0,0.0,0.0,0.0,0.0,0.0,0.0,0.25,3,0.22314355131420976,3.5238514,0
659e3174-7a76-4f9d-9058-b980b3d251a2,1.2804805,0.0,0.0,0.0,0.0,0.0,0.0,0.0,0.0,0.0,0.0,0.0,1.1325874,0.0,0.0,0.0,0.0,0.0,0.0,0.0,0.1875,4,0.18232155679395462,2.4130678,0
659e3174-7a76-4f9d-9058-b980b3d251a2,1.2096442,0.0,0.0,0.0,0.0,0.0,0.0,0.0,0.0,0.0,0.0,0.0,1.1257839,0.0,0.0,0.0,0.0,0.0,0.0,0.0,0.0625,5,0.1541506798272583,2.3354282,0
659e3174-7a76-4f9d-9058-b980b3d251a2,1.2049749,0.0,0.0,0.0,0.0,0.0,0.0,0.0,0.0,0.0,0.0,0.0,1.0940161,0.0,0.0,0.0,0.0,0.0,0.0,0.0,0.125,6,0.13353139262452263,2.298991,0
659e3174-7a76-4f9d-9058-b980b3d251a2,1.095778,0.0,0.0,0.0,0.0,0.0,0.0,0.0,0.0,0.0,0.0,0.0,0.9965308,0.0,0.0,0.0,0.0,0.0,0.0,0.0,0.125,7,0.11778303565638346,2.0923088,0
659e3174-7a76-4f9d-9058-b980b3d251a2,1.0578951,0.0,0.0,0.0,0.0,0.0,0.0,0.0,0.0,0.0,0.0,0.0,0.9530954,0.0,0.0,0.0,0.0,0.0,0.0,0.0,0.1875,8,0.1053605156578263,2.0109904,0
659e3174-7a76-4f9d-9058-b980b3d251a2,1.010916,0.0,0.0,0.0,0.0,0.0,0.0,0.0,0.0,0.0,0.0,0.0,0.928783,0.0,0.0,0.0,0.0,0.0,0.0,0.0,0.0625,9,0.09531017980432487,1.9396989,0
73a12c96-7c84-40d5-b493-170e289e213b,5.615243,0.8098019,0.49881586,0.8632131,0.0,0.0,0.0,0.0,0.0,0.0,0.0,0.0,5.1032643,0.7230869,0.41822,0.7625276,0.0,0.0,0.0,0.0,0.5625,0,0.6931471805599453,10.718508,1
73a12c96-7c84-40d5-b493-170e289e213b,3.146802,0.0,0.011702321,0.0,0.0,0.0,0.0,0.0,0.0,0.0,0.0,0.0,2.824645,0.0,0.0,0.0,0.0,0.0,0.0,0.0,0.375,1,0.4054651081081644,5.971447,0
73a12c96-7c84-40d5-b493-170e289e213b,2.7973197,0.0,0.07175696,0.0,0.0,0.0,0.0,0.0,0.0,0.0,0.0,0.0,2.4819322,0.0,0.05196528,0.0,0.0,0.0,0.0,0.0,0.4375,2,0.2876820724517809,5.279252,0
73a12c96-7c84-40d5-b493-170e289e213b,1.8567203,0.0,0.0,0.0,0.0,0.0,0.0,0.0,0.0,0.0,0.0,0.0,1.6671312,0.0,0.0,0.0,0.0,0.0,0.0,0.0,0.25,3,0.22314355131420976,3.5238514,0
73a12c96-7c84-40d5-b493-170e289e213b,1.2804805,0.0,0.0,0.0,0.0,0.0,0.0,0.0,0.0,0.0,0.0,0.0,1.1325874,0.0,0.0,0.0,0.0,0.0,0.0,0.0,0.1875,4,0.18232155679395462,2.4130678,0
73a12c96-7c84-40d5-b493-170e289e213b,1.2096442,0.0,0.0,0.0,0.0,0.0,0.0,0.0,0.0,0.0,0.0,0.0,1.1257839,0.0,0.0,0.0,0.0,0.0,0.0,0.0,0.0625,5,0.1541506798272583,2.3354282,0
73a12c96-7c84-40d5-b493-170e289e213b,1.2049749,0.0,0.0,0.0,0.0,0.0,0.0,0.0,0.0,0.0,0.0,0.0,1.0940161,0.0,0.0,0.0,0.0,0.0,0.0,0.0,0.125,6,0.13353139262452263,2.298991,0
73a12c96-7c84-40d5-b493-170e289e213b,1.095778,0.0,0.0,0.0,0.0,0.0,0.0,0.0,0.0,0.0,0.0,0.0,0.9965308,0.0,0.0,0.0,0.0,0.0,0.0,0.0,0.125,7,0.11778303565638346,2.0923088,0
73a12c96-7c84-40d5-b493-170e289e213b,1.0578951,0.0,0.0,0.0,0.0,0.0,0.0,0.0,0.0,0.0,0.0,0.0,0.9530954,0.0,0.0,0.0,0.0,0.0,0.0,0.0,0.1875,8,0.1053605156578263,2.0109904,0
73a12c96-7c84-40d5-b493-170e289e213b,1.010916,0.0,0.0,0.0,0.0,0.0,0.0,0.0,0.0,0.0,0.0,0.0,0.928783,0.0,0.0,0.0,0.0,0.0,0.0,0.0,0.0625,9,0.09531017980432487,1.9396989,0
ed8ff2be-4687-40e5-9fba-6d7064b64fd8,1.1862365,0.0,0.0,0.0,0.0,0.0,0.0,0.0,0.0,0.0,0.0,0.0,1.1023762,0.0,0.0,0.0,0.0,0.0,0.0,0.0,0.5,0,0.6931471805599453,2.2886128,1
ed8ff2be-4687-40e5-9fba-6d7064b64fd8,0.499258,0.0,0.0,0.0,0.0,0.0,0.0,0.0,0.0,0.0,0.0,0.0,0.44880933,0.0,0.0,0.0,0.0,0.0,0.0,0.0,0.5,1,0.4054651081081644,0.9480673,0
ed8ff2be-4687-40e5-9fba-6d7064b64fd8,0.30991578,0.0,0.0,0.0,0.0,0.0,0.0,0.0,0.0,0.0,0.0,0.0,0.28404343,0.0,0.0,0.0,0.0,0.0,0.0,0.0,0.5,2,0.2876820724517809,0.5939592,0
ed8ff2be-4687-40e5-9fba-6d7064b64fd8,0.27485925,0.0,0.0,0.0,0.0,0.0,0.0,0.0,0.0,0.0,0.0,0.0,0.25721937,0.0,0.0,0.0,0.0,0.0,0.0,0.0,0.5,3,0.22314355131420976,0.5320786,0
ed8ff2be-4687-40e5-9fba-6d7064b64fd8,0.27485925,0.0,0.0,0.0,0.0,0.0,0.0,0.0,0.0,0.0,0.0,0.0,0.24283586,0.0,0.0,0.0,0.0,0.0,0.0,0.0,0.5,4,0.18232155679395462,0.5176951,0
ed8ff2be-4687-40e5-9fba-6d7064b64fd8,0.25145158,0.0,0.0,0.0,0.0,0.0,0.0,0.0,0.0,0.0,0.0,0.0,0.24283586,0.0,0.0,0.0,0.0,0.0,0.0,0.0,0.5,5,0.1541506798272583,0.49428743,0
ed8ff2be-4687-40e5-9fba-6d7064b64fd8,0.25145158,0.0,0.0,0.0,0.0,0.0,0.0,0.0,0.0,0.0,0.0,0.0,0.24283586,0.0,0.0,0.0,0.0,0.0,0.0,0.0,0.5,6,0.13353139262452263,0.49428743,0
ed8ff2be-4687-40e5-9fba-6d7064b64fd8,0.25145158,0.0,0.0,0.0,0.0,0.0,0.0,0.0,0.0,0.0,0.0,0.0,0.21942818,0.0,0.0,0.0,0.0,0.0,0.0,0.0,0.5,7,0.11778303565638346,0.47087976,0
ed8ff2be-4687-40e5-9fba-6d7064b64fd8,0.25145158,0.0,0.0,0.0,0.0,0.0,0.0,0.0,0.0,0.0,0.0,0.0,0.21942818,0.0,0.0,0.0,0.0,0.0,0.0,0.0,0.5,8,0.1053605156578263,0.47087976,0
ed8ff2be-4687-40e5-9fba-6d7064b64fd8,0.25145158,0.0,0.0,0.0,0.0,0.0,0.0,0.0,0.0,0.0,0.0,0.0,0.21942818,0.0,0.0,0.0,0.0,0.0,0.0,0.0,0.5,9,0.09531017980432487,0.47087976,0
fb8aaa38-8413-492a-9f03-501591cdc1fe,3.9772496,1.1864362,0.040955104,1.2301987,0.0,0.0,0.0,0.0,0.0,0.0,0.0,0.0,3.63892,1.062718,0.028231967,1.0861075,0.0,0.0,0.0,0.0,0.54545456,0,0.6931471805599453,7.61617,1
fb8aaa38-8413-492a-9f03-501591cdc1fe,1.7349964,0.0,0.0,0.0,0.0,0.0,0.0,0.0,0.0,0.0,0.0,0.0,1.5484607,0.0,0.0,0.0,0.0,0.0,0.0,0.0,0.27272728,1,0.4054651081081644,3.2834573,0
fb8aaa38-8413-492a-9f03-501591cdc1fe,1.3718063,0.28457177,0.0,0.28457177,0.0,0.0,0.0,0.0,0.0,0.0,0.0,0.0,1.2294034,0.24028133,0.0,0.24028133,0.0,0.0,0.0,0.0,0.27272728,2,0.2876820724517809,2.6012096,0
fb8aaa38-8413-492a-9f03-501591cdc1fe,1.2694418,0.28457177,0.0,0.28457177,0.0,0.0,0.0,0.0,0.0,0.0,0.0,0.0,1.1532563,0.24028133,0.0,0.24028133,0.0,0.0,0.0,0.0,0.18181819,3,0.22314355131420976,2.422698,0
fb8aaa38-8413-492a-9f03-501591cdc1fe,1.1925272,0.0,0.0,0.0,0.0,0.0,0.0,0.0,0.0,0.0,0.0,0.0,1.0811903,0.0,0.0,0.0,0.0,0.0,0.0,0.0,0.18181819,4,0.18232155679395462,2.2737174,0
fb8aaa38-8413-492a-9f03-501591cdc1fe,1.1151779,0.0,0.0459849,0.0,0.0,0.0,0.0,0.0,0.0,0.0,0.0,0.0,1.0018287,0.0,0.03660999,0.0,0.0,0.0,0.0,0.0,0.27272728,5,0.1541506798272583,2.1170065,0
fb8aaa38-8413-492a-9f03-501591cdc1fe,1.0338244,0.0,0.0,0.0,0.0,0.0,0.0,0.0,0.0,0.0,0.0,0.0,0.9402207,0.0,0.0,0.0,0.0,0.0,0.0,0.0,0.18181819,6,0.13353139262452263,1.9740452,0
fb8aaa38-8413-492a-9f03-501591cdc1fe,0.9127847,0.0,0.0,0.0,0.0,0.0,0.0,0.0,0.0,0.0,0.0,0.0,0.83968455,0.0,0.0,0.0,0.0,0.0,0.0,0.0,0.09090909,7,0.11778303565638346,1.7524693,0
fb8aaa38-8413-492a-9f03-501591cdc1fe,0.8982434,0.16411959,0.0,0.16411959,0.0,0.0,0.0,0.0,0.0,0.0,0.0,0.0,0.8293823,0.1573343,0.0,0.1573343,0.0,0.0,0.0,0.0,0.18181819,8,0.1053605156578263,1.7276257,0
fb8aaa38-8413-492a-9f03-501591cdc1fe,0.87354374,0.0,0.0,0.0,0.0,0.0,0.0,0.0,0.0,0.0,0.0,0.0,0.8132405,0.0,0.0,0.0,0.0,0.0,0.0,0.0,0.18181819,9,0.09531017980432487,1.6867843,0
9c250fe5-d0be-4dc6-a801-ad9e188050ae,0.9600233,0.0,0.0,0.0,0.0,0.0,0.0,0.0,0.0,0.0,0.0,0.0,0.88692313,0.0,0.0,0.0,0.0,0.0,0.0,0.0,0.5,0,0.6931471805599453,1.8469465,0
9c250fe5-d0be-4dc6-a801-ad9e188050ae,0.87107575,0.0,0.0,0.0,0.0,0.0,0.0,0.0,0.0,0.0,0.0,0.0,0.79797566,0.0,0.0,0.0,0.0,0.0,0.0,0.0,0.5,1,0.4054651081081644,1.6690514,1
9c250fe5-d0be-4dc6-a801-ad9e188050ae,0.499258,0.0,0.0,0.0,0.0,0.0,0.0,0.0,0.0,0.0,0.0,0.0,0.44880933,0.0,0.0,0.0,0.0,0.0,0.0,0.0,0.5,2,0.2876820724517809,0.9480673,0
9c250fe5-d0be-4dc6-a801-ad9e188050ae,0.30991578,0.0,0.0,0.0,0.0,0.0,0.0,0.0,0.0,0.0,0.0,0.0,0.28404343,0.0,0.0,0.0,0.0,0.0,0.0,0.0,0.5,3,0.22314355131420976,0.5939592,0
9c250fe5-d0be-4dc6-a801-ad9e188050ae,0.27485925,0.0,0.0,0.0,0.0,0.0,0.0,0.0,0.0,0.0,0.0,0.0,0.25721937,0.0,0.0,0.0,0.0,0.0,0.0,0.0,0.5,4,0.18232155679395462,0.5320786,0
9c250fe5-d0be-4dc6-a801-ad9e188050ae,0.27485925,0.0,0.0,0.0,0.0,0.0,0.0,0.0,0.0,0.0,0.0,0.0,0.24283586,0.0,0.0,0.0,0.0,0.0,0.0,0.0,0.5,5,0.1541506798272583,0.5176951,0
9c250fe5-d0be-4dc6-a801-ad9e188050ae,0.25145158,0.0,0.0,0.0,0.0,0.0,0.0,0.0,0.0,0.0,0.0,0.0,0.24283586,0.0,0.0,0.0,0.0,0.0,0.0,0.0,0.5,6,0.13353139262452263,0.49428743,0
9c250fe5-d0be-4dc6-a801-ad9e188050ae,0.25145158,0.0,0.0,0.0,0.0,0.0,0.0,0.0,0.0,0.0,0.0,0.0,0.24283586,0.0,0.0,0.0,0.0,0.0,0.0,0.0,0.5,7,0.11778303565638346,0.49428743,0
9c250fe5-d0be-4dc6-a801-ad9e188050ae,0.25145158,0.0,0.0,0.0,0.0,0.0,0.0,0.0,0.0,0.0,0.0,0.0,0.21942818,0.0,0.0,0.0,0.0,0.0,0.0,0.0,0.5,8,0.1053605156578263,0.47087976,0
9c250fe5-d0be-4dc6-a801-ad9e188050ae,0.25145158,0.0,0.0,0.0,0.0,0.0,0.0,0.0,0.0,0.0,0.0,0.0,0.21942818,0.0,0.0,0.0,0.0,0.0,0.0,0.0,0.5,9,0.09531017980432487,0.47087976,0
6f62f286-61f2-411e-a84b-e48195830b93,0.9600233,0.0,0.0,0.0,0.0,0.0,0.0,0.0,0.0,0.0,0.0,0.0,0.88692313,0.0,0.0,0.0,0.0,0.0,0.0,0.0,1.0,0,0.6931471805599453,1.8469465,1
6f62f286-61f2-411e-a84b-e48195830b93,0.87107575,0.0,0.0,0.0,0.0,0.0,0.0,0.0,0.0,0.0,0.0,0.0,0.79797566,0.0,0.0,0.0,0.0,0.0,0.0,0.0,1.0,1,0.4054651081081644,1.6690514,0
e8b5bae7-3fad-4857-ae77-c413741c2afd,2.1409965,0.5072318,0.0,0.5072318,0.0,0.0,0.0,0.0,0.0,0.0,0.0,0.0,1.961169,0.45120886,0.0,0.45120886,0.0,0.0,0.0,0.0,0.375,0,0.6931471805599453,4.102165,0
e8b5bae7-3fad-4857-ae77-c413741c2afd,1.9152873,0.0,0.0,0.20266342,0.0,0.0,0.0,0.0,0.0,0.0,0.0,0.0,1.7530174,0.0,0.0,0.17469087,0.0,0.0,0.0,0.0,0.375,1,0.4054651081081644,3.6683047,0
e8b5bae7-3fad-4857-ae77-c413741c2afd,1.70695,0.56110686,0.07175696,0.56110686,0.0,0.0,0.0,0.0,0.0,0.0,0.0,0.0,1.5356778,0.48625183,0.05196528,0.48625183,0.0,0.0,0.0,0.0,0.375,2,0.2876820724517809,3.2426276,0
e8b5bae7-3fad-4857-ae77-c413741c2afd,1.6890283,0.49073997,0.0,0.49073997,0.0,0.0,0.0,0.0,0.0,0.0,0.0,0.0,1.5533956,0.43948323,0.0,0.43948323,0.0,0.0,0.0,0.0,0.375,3,0.22314355131420976,3.242424,0
e8b5bae7-3fad-4857-ae77-c413741c2afd,1.1791168,0.0,0.0,0.0,0.0,0.0,0.0,0.0,0.0,0.0,0.0,0.0,1.0780218,0.0,0.0,0.0,0.0,0.0,0.0,0.0,0.25,4,0.18232155679395462,2.2571387,0
e8b5bae7-3fad-4857-ae77-c413741c2afd,0.93619233,0.0,0.0,0.0,0.0,0.0,0.0,0.0,0.0,0.0,0.0,0.0,0.87747574,0.0,0.0,0.0,0.0,0.0,0.0,0.0,0.125,5,0.1541506798272583,1.813668,0
e8b5bae7-3fad-4857-ae77-c413741c2afd,0.9127847,0.0,0.0,0.0,0.0,0.0,0.0,0.0,0.0,0.0,0.0,0.0,0.86309224,0.0,0.0,0.0,0.0,0.0,0.0,0.0,0.125,6,0.13353139262452263,1.775877,0
e8b5bae7-3fad-4857-ae77-c413741c2afd,0.67021173,0.0,0.0,0.0,0.0,0.0,0.0,0.0,0.0,0.0,0.0,0.0,0.6120381,0.0,0.0,0.0,0.0,0.0,0.0,0.0,0.125,7,0.11778303565638346,1.2822498,0
e8b5bae7-3fad-4857-ae77-c413741c2afd,0.6620561,0.0,0.0,0.0,0.0,0.0,0.0,0.0,0.0,0.0,0.0,0.0,0.5907618,0.0,0.0,0.0,0.0,0.0,0.0,0.0,0.25,8,0.1053605156578263,1.2528179,0
e8b5bae7-3fad-4857-ae77-c413741c2afd,0.5812642,0.0,0.0,0.0,0.0,0.0,0.0,0.0,0.0,0.0,0.0,0.0,0.5230906,0.0,0.0,0.0,0.0,0.0,0.0,0.0,0.125,9,0.09531017980432487,1.1043549,0
49cba94e-3196-4398-b94f-131af0b9eff0,1.6890283,0.90453756,0.21329984,0.90453756,0.0,0.0,0.0,0.0,0.0,0.0,0.0,0.0,1.5533956,0.80762243,0.18419746,0.80762243,0.0,0.0,0.0,0.0,0.6,0,0.6931471805599453,3.242424,0
49cba94e-3196-4398-b94f-131af0b9eff0,0.93619233,0.0,0.0,0.0,0.0,0.0,0.0,0.0,0.0,0.0,0.0,0.0,0.87747574,0.0,0.0,0.0,0.0,0.0,0.0,0.0,0.2,1,0.4054651081081644,1.813668,0
49cba94e-3196-4398-b94f-131af0b9eff0,0.9127847,0.0,0.0,0.0,0.0,0.0,0.0,0.0,0.0,0.0,0.0,0.0,0.86309224,0.0,0.0,0.0,0.0,0.0,0.0,0.0,0.2,2,0.2876820724517809,1.775877,0
49cba94e-3196-4398-b94f-131af0b9eff0,0.5812642,0.0,0.0,0.0,0.0,0.0,0.0,0.0,0.0,0.0,0.0,0.0,0.52309054,0.0,0.0,0.0,0.0,0.0,0.0,0.0,0.2,3,0.22314355131420976,1.1043547,0
49cba94e-3196-4398-b94f-131af0b9eff0,0.5033673,0.0,0.0,0.0,0.0,0.0,0.0,0.0,0.0,0.0,0.0,0.0,0.5174552,0.0,0.0,0.0,0.0,0.0,0.0,0.0,0.4,4,0.18232155679395462,1.0208225,0
49cba94e-3196-4398-b94f-131af0b9eff0,0.48618335,0.0,0.0,0.0,0.0,0.0,0.0,0.0,0.0,0.0,0.0,0.0,0.43983737,0.0,0.0,0.0,0.0,0.0,0.0,0.0,0.2,5,0.1541506798272583,0.92602074,1
49cba94e-3196-4398-b94f-131af0b9eff0,0.36107594,0.0,0.0,0.0,0.0,0.0,0.0,0.0,0.0,0.0,0.0,0.0,0.35611898,0.0,0.0,0.0,0.0,0.0,0.0,0.0,0.4,6,0.13353139262452263,0.7171949,0
49cba94e-3196-4398-b94f-131af0b9eff0,0.29073587,0.0,0.0,0.0,0.0,0.0,0.0,0.0,0.0,0.0,0.0,0.0,0.25222027,0.0,0.0,0.0,0.0,0.0,0.0,0.0,0.2,7,0.11778303565638346,0.5429561,0
49cba94e-3196-4398-b94f-131af0b9eff0,0.27169976,0.0,0.0,0.0,0.0,0.0,0.0,0.0,0.0,0.0,0.0,0.0,0.25278965,0.0,0.0,0.0,0.0,0.0,0.0,0.0,0.2,8,0.1053605156578263,0.5244894,0
49cba94e-3196-4398-b94f-131af0b9eff0,0.2931053,0.0,0.0,0.0,0.0,0.0,0.0,0.0,0.0,0.0,0.0,0.0,0.22580126,0.0,0.0,0.0,0.0,0.0,0.0,0.0,0.4,9,0.09531017980432487,0.5189066,0
575b6d5f-0add-4fbf-9c0f-066ded76e7b1,1.2096442,0.0,0.0,0.0,0.0,0.0,0.0,0.0,0.0,0.0,0.0,0.0,1.1257839,0.0,0.0,0.0,0.0,0.0,0.0,0.0,0.5,0,0.6931471805599453,2.3354282,1
575b6d5f-0add-4fbf-9c0f-066ded76e7b1,0.499258,0.0,0.0,0.0,0.0,0.0,0.0,0.0,0.0,0.0,0.0,0.0,0.44880933,0.0,0.0,0.0,0.0,0.0,0.0,0.0,0.5,1,0.4054651081081644,0.9480673,0
575b6d5f-0add-4fbf-9c0f-066ded76e7b1,0.30991578,0.0,0.0,0.0,0.0,0.0,0.0,0.0,0.0,0.0,0.0,0.0,0.28404343,0.0,0.0,0.0,0.0,0.0,0.0,0.0,0.5,2,0.2876820724517809,0.5939592,0
575b6d5f-0add-4fbf-9c0f-066ded76e7b1,0.27485925,0.0,0.0,0.0,0.0,0.0,0.0,0.0,0.0,0.0,0.0,0.0,0.25721937,0.0,0.0,0.0,0.0,0.0,0.0,0.0,0.5,3,0.22314355131420976,0.5320786,0
575b6d5f-0add-4fbf-9c0f-066ded76e7b1,0.27485925,0.0,0.0,0.0,0.0,0.0,0.0,0.0,0.0,0.0,0.0,0.0,0.24283586,0.0,0.0,0.0,0.0,0.0,0.0,0.0,0.5,4,0.18232155679395462,0.5176951,0
575b6d5f-0add-4fbf-9c0f-066ded76e7b1,0.25145158,0.0,0.0,0.0,0.0,0.0,0.0,0.0,0.0,0.0,0.0,0.0,0.24283586,0.0,0.0,0.0,0.0,0.0,0.0,0.0,0.5,5,0.1541506798272583,0.49428743,0
575b6d5f-0add-4fbf-9c0f-066ded76e7b1,0.25145158,0.0,0.0,0.0,0.0,0.0,0.0,0.0,0.0,0.0,0.0,0.0,0.24283586,0.0,0.0,0.0,0.0,0.0,0.0,0.0,0.5,6,0.13353139262452263,0.49428743,0
575b6d5f-0add-4fbf-9c0f-066ded76e7b1,0.25145158,0.0,0.0,0.0,0.0,0.0,0.0,0.0,0.0,0.0,0.0,0.0,0.21942818,0.0,0.0,0.0,0.0,0.0,0.0,0.0,0.5,7,0.11778303565638346,0.47087976,0
575b6d5f-0add-4fbf-9c0f-066ded76e7b1,0.25145158,0.0,0.0,0.0,0.0,0.0,0.0,0.0,0.0,0.0,0.0,0.0,0.21942818,0.0,0.0,0.0,0.0,0.0,0.0,0.0,0.5,8,0.1053605156578263,0.47087976,0
575b6d5f-0add-4fbf-9c0f-066ded76e7b1,0.25145158,0.0,0.0,0.0,0.0,0.0,0.0,0.0,0.0,0.0,0.0,0.0,0.21942818,0.0,0.0,0.0,0.0,0.0,0.0,0.0,0.5,9,0.09531017980432487,0.47087976,0
b1d9f569-f93e-4762-8973-cca76986d0f7,1.3928196,0.0,0.0,0.0,0.0,0.0,0.0,0.0,0.0,0.0,0.0,0.0,1.2448196,0.0,0.0,0.0,0.0,0.0,0.0,0.0,0.5,0,0.6931471805599453,2.6376393,0
b1d9f569-f93e-4762-8973-cca76986d0f7,1.2606611,0.0,0.0,0.0,0.0,0.0,0.0,0.0,0.0,0.0,0.0,0.0,1.1364455,0.0,0.0,0.0,0.0,0.0,0.0,0.0,0.5,1,0.4054651081081644,2.3971066,1
b1d9f569-f93e-4762-8973-cca76986d0f7,0.91489685,0.0,0.0,0.0,0.0,0.0,0.0,0.0,0.0,0.0,0.0,0.0,0.8084487,0.0,0.0,0.0,0.0,0.0,0.0,0.0,0.5,2,0.2876820724517809,1.7233455,0
b1d9f569-f93e-4762-8973-cca76986d0f7,0.8238475,0.0,0.0,0.0,0.0,0.0,0.0,0.0,0.0,0.0,0.0,0.0,0.70794964,0.0,0.0,0.0,0.0,0.0,0.0,0.0,0.5,3,0.22314355131420976,1.5317972,0
b1d9f569-f93e-4762-8973-cca76986d0f7,0.77071583,0.0,0.0,0.0,0.0,0.0,0.0,0.0,0.0,0.0,0.0,0.0,0.6822223,0.0,0.0,0.0,0.0,0.0,0.0,0.0,0.33333334,4,0.18232155679395462,1.4529381,0
b1d9f569-f93e-4762-8973-cca76986d0f7,0.7326932,0.0,0.0,0.0,0.0,0.0,0.0,0.0,0.0,0.0,0.0,0.0,0.6404602,0.0,0.0,0.0,0.0,0.0,0.0,0.0,0.5,5,0.1541506798272583,1.3731534,0
b1d9f569-f93e-4762-8973-cca76986d0f7,0.6913401,0.0,0.0,0.0,0.0,0.0,0.0,0.0,0.0,0.0,0.0,0.0,0.61648506,0.0,0.0,0.0,0.0,0.0,0.0,0.0,0.33333334,6,0.13353139262452263,1.3078251,0
b1d9f569-f93e-4762-8973-cca76986d0f7,0.67989546,0.0,0.0,0.0,0.0,0.0,0.0,0.0,0.0,0.0,0.0,0.0,0.5901479,0.0,0.0,0.0,0.0,0.0,0.0,0.0,0.5,7,0.11778303565638346,1.2700434,0
b1d9f569-f93e-4762-8973-cca76986d0f7,0.62772375,0.0,0.0,0.0,0.0,0.0,0.0,0.0,0.0,0.0,0.0,0.0,0.55217224,0.0,0.0,0.0,0.0,0.0,0.0,0.0,0.33333334,8,0.1053605156578263,1.179896,0
b1d9f569-f93e-4762-8973-cca76986d0f7,0.56110686,0.0,0.0,0.0,0.0,0.0,0.0,0.0,0.0,0.0,0.0,0.0,0.48625183,0.0,0.0,0.0,0.0,0.0,0.0,0.0,0.33333334,9,0.09531017980432487,1.0473588,0
63ffa05e-c1c3-4140-b7e7-e94e67d316c4,1.1445277,0.0,0.0,0.0,0.0,0.0,0.0,0.0,0.0,0.0,0.0,0.0,1.0606674,0.0,0.0,0.0,0.0,0.0,0.0,0.0,0.5,0,0.6931471805599453,2.205195,1
63ffa05e-c1c3-4140-b7e7-e94e67d316c4,0.499258,0.0,0.0,0.0,0.0,0.0,0.0,0.0,0.0,0.0,0.0,0.0,0.44880933,0.0,0.0,0.0,0.0,0.0,0.0,0.0,0.5,1,0.4054651081081644,0.9480673,0
63ffa05e-c1c3-4140-b7e7-e94e67d316c4,0.30991578,0.0,0.0,0.0,0.0,0.0,0.0,0.0,0.0,0.0,0.0,0.0,0.28404343,0.0,0.0,0.0,0.0,0.0,0.0,0.0,0.5,2,0.2876820724517809,0.5939592,0
63ffa05e-c1c3-4140-b7e7-e94e67d316c4,0.27485925,0.0,0.0,0.0,0.0,0.0,0.0,0.0,0.0,0.0,0.0,0.0,0.25721937,0.0,0.0,0.0,0.0,0.0,0.0,0.0,0.5,3,0.22314355131420976,0.5320786,0
63ffa05e-c1c3-4140-b7e7-e94e67d316c4,0.27485925,0.0,0.0,0.0,0.0,0.0,0.0,0.0,0.0,0.0,0.0,0.0,0.24283586,0.0,0.0,0.0,0.0,0.0,0.0,0.0,0.5,4,0.18232155679395462,0.5176951,0
63ffa05e-c1c3-4140-b7e7-e94e67d316c4,0.25145158,0.0,0.0,0.0,0.0,0.0,0.0,0.0,0.0,0.0,0.0,0.0,0.24283586,0.0,0.0,0.0,0.0,0.0,0.0,0.0,0.5,5,0.1541506798272583,0.49428743,0
63ffa05e-c1c3-4140-b7e7-e94e67d316c4,0.25145158,0.0,0.0,0.0,0.0,0.0,0.0,0.0,0.0,0.0,0.0,0.0,0.24283586,0.0,0.0,0.0,0.0,0.0,0.0,0.0,0.5,6,0.13353139262452263,0.49428743,0
63ffa05e-c1c3-4140-b7e7-e94e67d316c4,0.25145158,0.0,0.0,0.0,0.0,0.0,0.0,0.0,0.0,0.0,0.0,0.0,0.21942818,0.0,0.0,0.0,0.0,0.0,0.0,0.0,0.5,7,0.11778303565638346,0.47087976,0
63ffa05e-c1c3-4140-b7e7-e94e67d316c4,0.25145158,0.0,0.0,0.0,0.0,0.0,0.0,0.0,0.0,0.0,0.0,0.0,0.21942818,0.0,0.0,0.0,0.0,0.0,0.0,0.0,0.5,8,0.1053605156578263,0.47087976,0
63ffa05e-c1c3-4140-b7e7-e94e67d316c4,0.25145158,0.0,0.0,0.0,0.0,0.0,0.0,0.0,0.0,0.0,0.0,0.0,0.21942818,0.0,0.0,0.0,0.0,0.0,0.0,0.0,0.5,9,0.09531017980432487,0.47087976,0
0234fca2-07ea-4d67-8f95-23b342ca75b9,2.7256067,0.0,0.7717512,0.0,0.0,0.0,0.0,0.0,0.0,0.0,0.0,0.0,2.4633832,0.0,0.6871716,0.0,0.0,0.0,0.0,0.0,0.45454547,0,0.6931471805599453,5.1889896,1
0234fca2-07ea-4d67-8f95-23b342ca75b9,2.5347571,0.0,0.0,0.0,0.0,0.0,0.0,0.0,0.0,0.0,0.0,0.0,2.2830226,0.0,0.0,0.0,0.0,0.0,0.0,0.0,0.45454547,1,0.4054651081081644,4.8177795,0
0234fca2-07ea-4d67-8f95-23b342ca75b9,1.5974598,0.0,0.0,0.0,0.0,0.0,0.0,0.0,0.0,0.0,0.0,0.0,1.4376447,0.0,0.0,0.0,0.0,0.0,0.0,0.0,0.27272728,2,0.2876820724517809,3.0351045,0
0234fca2-07ea-4d67-8f95-23b342ca75b9,1.2170732,0.0,0.0,0.0,0.0,0.0,0.0,0.0,0.0,0.0,0.0,0.0,1.0964246,0.0,0.0,0.0,0.0,0.0,0.0,0.0,0.18181819,3,0.22314355131420976,2.3134978,0
0234fca2-07ea-4d67-8f95-23b342ca75b9,0.8614965,0.0,0.0,0.0,0.0,0.0,0.0,0.0,0.0,0.0,0.0,0.0,0.82875764,0.0,0.0,0.0,0.0,0.0,0.0,0.0,0.18181819,4,0.18232155679395462,1.6902542,0
0234fca2-07ea-4d67-8f95-23b342ca75b9,0.86082405,0.0,0.0,0.0,0.0,0.0,0.0,0.0,0.0,0.0,0.0,0.0,0.77771896,0.0,0.0,0.0,0.0,0.0,0.0,0.0,0.18181819,5,0.1541506798272583,1.638543,0
0234fca2-07ea-4d67-8f95-23b342ca75b9,0.8334533,0.0,0.0,0.0,0.0,0.0,0.0,0.0,0.0,0.0,0.0,0.0,0.77741176,0.0,0.0,0.0,0.0,0.0,0.0,0.0,0.18181819,6,0.13353139262452263,1.6108651,0
0234fca2-07ea-4d67-8f95-23b342ca75b9,0.8062885,0.0,0.0,0.0,0.0,0.0,0.0,0.0,0.0,0.0,0.0,0.0,0.6985678,0.0,0.0,0.0,0.0,0.0,0.0,0.0,0.27272728,7,0.11778303565638346,1.5048563,0
0234fca2-07ea-4d67-8f95-23b342ca75b9,0.76499504,0.0,0.0,0.0,0.0,0.0,0.0,0.0,0.0,0.0,0.0,0.0,0.6860628,0.0,0.0,0.0,0.0,0.0,0.0,0.0,0.18181819,8,0.1053605156578263,1.4510579,0
0234fca2-07ea-4d67-8f95-23b342ca75b9,0.69999427,0.0,0.0,0.0,0.0,0.0,0.0,0.0,0.0,0.0,0.0,0.0,0.6352063,0.0,0.0,0.0,0.0,0.0,0.0,0.0,0.09090909,9,0.09531017980432487,1.3352005,0
09650922-31ec-4e72-96ad-06dfb182ad76,1.11038,0.0,0.0,0.0,0.0,0.0,0.0,0.0,0.0,0.0,0.0,0.0,1.0606674,0.0,0.0,0.0,0.0,0.0,0.0,0.0,0.5,0,0.6931471805599453,2.1710474,1
09650922-31ec-4e72-96ad-06dfb182ad76,0.499258,0.0,0.0,0.0,0.0,0.0,0.0,0.0,0.0,0.0,0.0,0.0,0.44880933,0.0,0.0,0.0,0.0,0.0,0.0,0.0,0.5,1,0.4054651081081644,0.9480673,0
09650922-31ec-4e72-96ad-06dfb182ad76,0.30991578,0.0,0.0,0.0,0.0,0.0,0.0,0.0,0.0,0.0,0.0,0.0,0.28404343,0.0,0.0,0.0,0.0,0.0,0.0,0.0,0.5,2,0.2876820724517809,0.5939592,0
09650922-31ec-4e72-96ad-06dfb182ad76,0.27485925,0.0,0.0,0.0,0.0,0.0,0.0,0.0,0.0,0.0,0.0,0.0,0.25721937,0.0,0.0,0.0,0.0,0.0,0.0,0.0,0.5,3,0.22314355131420976,0.5320786,0
09650922-31ec-4e72-96ad-06dfb182ad76,0.27485925,0.0,0.0,0.0,0.0,0.0,0.0,0.0,0.0,0.0,0.0,0.0,0.24283586,0.0,0.0,0.0,0.0,0.0,0.0,0.0,0.5,4,0.18232155679395462,0.5176951,0
09650922-31ec-4e72-96ad-06dfb182ad76,0.25145158,0.0,0.0,0.0,0.0,0.0,0.0,0.0,0.0,0.0,0.0,0.0,0.24283586,0.0,0.0,0.0,0.0,0.0,0.0,0.0,0.5,5,0.1541506798272583,0.49428743,0
09650922-31ec-4e72-96ad-06dfb182ad76,0.25145158,0.0,0.0,0.0,0.0,0.0,0.0,0.0,0.0,0.0,0.0,0.0,0.24283586,0.0,0.0,0.0,0.0,0.0,0.0,0.0,0.5,6,0.13353139262452263,0.49428743,0
09650922-31ec-4e72-96ad-06dfb182ad76,0.25145158,0.0,0.0,0.0,0.0,0.0,0.0,0.0,0.0,0.0,0.0,0.0,0.21942818,0.0,0.0,0.0,0.0,0.0,0.0,0.0,0.5,7,0.11778303565638346,0.47087976,0
09650922-31ec-4e72-96ad-06dfb182ad76,0.25145158,0.0,0.0,0.0,0.0,0.0,0.0,0.0,0.0,0.0,0.0,0.0,0.21942818,0.0,0.0,0.0,0.0,0.0,0.0,0.0,0.5,8,0.1053605156578263,0.47087976,0
09650922-31ec-4e72-96ad-06dfb182ad76,0.25145158,0.0,0.0,0.0,0.0,0.0,0.0,0.0,0.0,0.0,0.0,0.0,0.21942818,0.0,0.0,0.0,0.0,0.0,0.0,0.0,0.5,9,0.09531017980432487,0.47087976,0
c481e4e1-8b69-4ed7-a65d-94cb08d2ae9b,1.3718251,0.4633519,0.29336306,0.4633519,0.0,0.0,0.0,0.0,0.0,0.0,0.0,0.0,1.3395789,0.4802511,0.2862034,0.4802511,0.0,0.0,0.0,0.0,0.8333334,0,0.6931471805599453,2.7114038,1
c481e4e1-8b69-4ed7-a65d-94cb08d2ae9b,1.2447008,0.0,0.0,0.0,0.0,0.0,0.0,0.0,0.0,0.0,0.0,0.0,1.1669916,0.0,0.0,0.0,0.0,0.0,0.0,0.0,0.16666667,1,0.4054651081081644,2.4116924,0
c481e4e1-8b69-4ed7-a65d-94cb08d2ae9b,1.2443421,0.0,0.0,0.0,0.0,0.0,0.0,0.0,0.0,0.0,0.0,0.0,1.1229906,0.0,0.0,0.0,0.0,0.0,0.0,0.0,0.5,2,0.2876820724517809,2.3673327,0
c481e4e1-8b69-4ed7-a65d-94cb08d2ae9b,0.89091134,0.2432836,0.0,0.2432836,0.0,0.0,0.0,0.0,0.0,0.0,0.0,0.0,0.7785472,0.19470352,0.0,0.19470352,0.0,0.0,0.0,0.0,0.5,3,0.22314355131420976,1.6694586,0
c481e4e1-8b69-4ed7-a65d-94cb08d2ae9b,0.83268964,0.026035286,0.0,0.026035286,0.0,0.0,0.0,0.0,0.0,0.0,0.0,0.0,0.73604167,0.017239155,0.0,0.017239155,0.0,0.0,0.0,0.0,0.5,4,0.18232155679395462,1.5687313,0
c481e4e1-8b69-4ed7-a65d-94cb08d2ae9b,0.6734151,0.06467542,0.0,0.06467542,0.0,0.0,0.0,0.0,0.0,0.0,0.0,0.0,0.62885857,0.074574895,0.0,0.074574895,0.0,0.0,0.0,0.0,0.33333334,5,0.1541506798272583,1.3022738,0
c481e4e1-8b69-4ed7-a65d-94cb08d2ae9b,0.61403525,0.14665791,0.0,0.14665791,0.0,0.0,0.0,0.0,0.0,0.0,0.0,0.0,0.5834279,0.14825028,0.0,0.14825028,0.0,0.0,0.0,0.0,0.5,6,0.13353139262452263,1.1974632,0
c481e4e1-8b69-4ed7-a65d-94cb08d2ae9b,0.5774899,0.0020110423,0.0,0.037609342,0.0,0.0,0.0,0.0,0.0,0.0,0.0,0.0,0.46058124,0.0,0.0,0.017817663,0.0,0.0,0.0,0.0,0.6666667,7,0.11778303565638346,1.0380712,0
c481e4e1-8b69-4ed7-a65d-94cb08d2ae9b,0.3604943,0.0,0.0,0.0,0.0,0.0,0.0,0.0,0.0,0.0,0.0,0.0,0.31894422,0.0,0.0,0.0,0.0,0.0,0.0,0.0,0.33333334,8,0.1053605156578263,0.6794385,0
c481e4e1-8b69-4ed7-a65d-94cb08d2ae9b,0.32670143,0.09984254,0.0,0.09984254,0.0,0.0,0.0,0.0,0.0,0.0,0.0,0.0,0.32493672,0.11948327,0.0,0.11948327,0.0,0.0,0.0,0.0,0.33333334,9,0.09531017980432487,0.65163815,0
49bd0415-9e39-4353-8675-54d6ba46d207,0.9600233,0.0,0.0,0.0,0.0,0.0,0.0,0.0,0.0,0.0,0.0,0.0,0.88692313,0.0,0.0,0.0,0.0,0.0,0.0,0.0,0.5,0,0.6931471805599453,1.8469465,0
49bd0415-9e39-4353-8675-54d6ba46d207,0.87107575,0.0,0.0,0.0,0.0,0.0,0.0,0.0,0.0,0.0,0.0,0.0,0.79797566,0.0,0.0,0.0,0.0,0.0,0.0,0.0,0.5,1,0.4054651081081644,1.6690514,1
49bd0415-9e39-4353-8675-54d6ba46d207,0.499258,0.0,0.0,0.0,0.0,0.0,0.0,0.0,0.0,0.0,0.0,0.0,0.44880933,0.0,0.0,0.0,0.0,0.0,0.0,0.0,0.5,2,0.2876820724517809,0.9480673,0
49bd0415-9e39-4353-8675-54d6ba46d207,0.30991578,0.0,0.0,0.0,0.0,0.0,0.0,0.0,0.0,0.0,0.0,0.0,0.28404343,0.0,0.0,0.0,0.0,0.0,0.0,0.0,0.5,3,0.22314355131420976,0.5939592,0
49bd0415-9e39-4353-8675-54d6ba46d207,0.27485925,0.0,0.0,0.0,0.0,0.0,0.0,0.0,0.0,0.0,0.0,0.0,0.25721937,0.0,0.0,0.0,0.0,0.0,0.0,0.0,0.5,4,0.18232155679395462,0.5320786,0
49bd0415-9e39-4353-8675-54d6ba46d207,0.27485925,0.0,0.0,0.0,0.0,0.0,0.0,0.0,0.0,0.0,0.0,0.0,0.24283586,0.0,0.0,0.0,0.0,0.0,0.0,0.0,0.5,5,0.1541506798272583,0.5176951,0
49bd0415-9e39-4353-8675-54d6ba46d207,0.25145158,0.0,0.0,0.0,0.0,0.0,0.0,0.0,0.0,0.0,0.0,0.0,0.24283586,0.0,0.0,0.0,0.0,0.0,0.0,0.0,0.5,6,0.13353139262452263,0.49428743,0
49bd0415-9e39-4353-8675-54d6ba46d207,0.25145158,0.0,0.0,0.0,0.0,0.0,0.0,0.0,0.0,0.0,0.0,0.0,0.24283586,0.0,0.0,0.0,0.0,0.0,0.0,0.0,0.5,7,0.11778303565638346,0.49428743,0
49bd0415-9e39-4353-8675-54d6ba46d207,0.25145158,0.0,0.0,0.0,0.0,0.0,0.0,0.0,0.0,0.0,0.0,0.0,0.21942818,0.0,0.0,0.0,0.0,0.0,0.0,0.0,0.5,8,0.1053605156578263,0.47087976,0
49bd0415-9e39-4353-8675-54d6ba46d207,0.25145158,0.0,0.0,0.0,0.0,0.0,0.0,0.0,0.0,0.0,0.0,0.0,0.21942818,0.0,0.0,0.0,0.0,0.0,0.0,0.0,0.5,9,0.09531017980432487,0.47087976,0
2ef930ca-ccbb-426f-a8c5-c5d84fe0532b,0.9600233,0.0,0.0,0.0,0.0,0.0,0.0,0.0,0.0,0.0,0.0,0.0,0.88692313,0.0,0.0,0.0,0.0,0.0,0.0,0.0,1.0,0,0.6931471805599453,1.8469465,1
2ef930ca-ccbb-426f-a8c5-c5d84fe0532b,0.87107575,0.0,0.0,0.0,0.0,0.0,0.0,0.0,0.0,0.0,0.0,0.0,0.79797566,0.0,0.0,0.0,0.0,0.0,0.0,0.0,1.0,1,0.4054651081081644,1.6690514,0
0bb08a6f-dc59-4079-a317-768ab540e754,2.2087169,0.0,0.5072318,0.0,0.0,0.0,0.0,0.0,0.0,0.0,0.0,0.0,2.032011,0.0,0.45120886,0.0,0.0,0.0,0.0,0.0,0.25,0,0.6931471805599453,4.240728,0
0bb08a6f-dc59-4079-a317-768ab540e754,1.9908184,0.0,0.202034,0.0,0.0,0.0,0.0,0.0,0.0,0.0,0.0,0.0,1.7803997,0.0,0.15725183,0.0,0.0,0.0,0.0,0.0,0.33333334,1,0.4054651081081644,3.771218,1
0bb08a6f-dc59-4079-a317-768ab540e754,1.2049749,0.0,0.0,0.0,0.0,0.0,0.0,0.0,0.0,0.0,0.0,0.0,1.0940161,0.0,0.0,0.0,0.0,0.0,0.0,0.0,0.16666667,2,0.2876820724517809,2.298991,0
0bb08a6f-dc59-4079-a317-768ab540e754,1.1625284,0.0,0.0,0.0,0.0,0.0,0.0,0.0,0.0,0.0,0.0,0.0,1.0461812,0.0,0.0,0.0,0.0,0.0,0.0,0.0,0.16666667,3,0.22314355131420976,2.2087097,0
0bb08a6f-dc59-4079-a317-768ab540e754,1.0903735,0.0,0.0,0.0,0.0,0.0,0.0,0.0,0.0,0.0,0.0,0.0,0.9838894,0.0,0.0,0.0,0.0,0.0,0.0,0.0,0.16666667,4,0.18232155679395462,2.0742629,0
0bb08a6f-dc59-4079-a317-768ab540e754,1.0312765,0.0,0.0,0.0,0.0,0.0,0.0,0.0,0.0,0.0,0.0,0.0,0.95316535,0.0,0.0,0.0,0.0,0.0,0.0,0.0,0.083333336,5,0.1541506798272583,1.9844418,0
0bb08a6f-dc59-4079-a317-768ab540e754,1.0025867,0.0,0.0,0.0,0.0,0.0,0.0,0.0,0.0,0.0,0.0,0.0,0.9483065,0.0,0.0,0.0,0.0,0.0,0.0,0.0,0.16666667,6,0.13353139262452263,1.9508932,0
0bb08a6f-dc59-4079-a317-768ab540e754,0.67021173,0.0,0.0,0.0,0.0,0.0,0.0,0.0,0.0,0.0,0.0,0.0,0.6232637,0.0,0.0,0.0,0.0,0.0,0.0,0.0,0.083333336,7,0.11778303565638346,1.2934754,0
0bb08a6f-dc59-4079-a317-768ab540e754,0.66076434,0.0,0.0,0.0,0.0,0.0,0.0,0.0,0.0,0.0,0.0,0.0,0.6120381,0.0,0.0,0.0,0.0,0.0,0.0,0.0,0.083333336,8,0.1053605156578263,1.2728024,0
0bb08a6f-dc59-4079-a317-768ab540e754,0.64638084,0.0,0.0,0.0,0.0,0.0,0.0,0.0,0.0,0.0,0.0,0.0,0.6025907,0.0,0.0,0.0,0.0,0.0,0.0,0.0,0.083333336,9,0.09531017980432487,1.2489715,0
96ad1fb5-4238-4c76-95fe-f3aec1833842,2.2087169,0.0,0.5072318,0.0,0.0,0.0,0.0,0.0,0.0,0.0,0.0,0.0,2.032011,0.0,0.45120886,0.0,0.0,0.0,0.0,0.0,0.25,0,0.6931471805599453,4.240728,1
96ad1fb5-4238-4c76-95fe-f3aec1833842,1.9908184,0.0,0.202034,0.0,0.0,0.0,0.0,0.0,0.0,0.0,0.0,0.0,1.7803997,0.0,0.15725183,0.0,0.0,0.0,0.0,0.0,0.33333334,1,0.4054651081081644,3.771218,0
96ad1fb5-4238-4c76-95fe-f3aec1833842,1.2049749,0.0,0.0,0.0,0.0,0.0,0.0,0.0,0.0,0.0,0.0,0.0,1.0940161,0.0,0.0,0.0,0.0,0.0,0.0,0.0,0.16666667,2,0.2876820724517809,2.298991,0
96ad1fb5-4238-4c76-95fe-f3aec1833842,1.1625284,0.0,0.0,0.0,0.0,0.0,0.0,0.0,0.0,0.0,0.0,0.0,1.0461812,0.0,0.0,0.0,0.0,0.0,0.0,0.0,0.16666667,3,0.22314355131420976,2.2087097,0
96ad1fb5-4238-4c76-95fe-f3aec1833842,1.0903735,0.0,0.0,0.0,0.0,0.0,0.0,0.0,0.0,0.0,0.0,0.0,0.9838894,0.0,0.0,0.0,0.0,0.0,0.0,0.0,0.16666667,4,0.18232155679395462,2.0742629,0
96ad1fb5-4238-4c76-95fe-f3aec1833842,1.0312765,0.0,0.0,0.0,0.0,0.0,0.0,0.0,0.0,0.0,0.0,0.0,0.95316535,0.0,0.0,0.0,0.0,0.0,0.0,0.0,0.083333336,5,0.1541506798272583,1.9844418,0
96ad1fb5-4238-4c76-95fe-f3aec1833842,1.0025867,0.0,0.0,0.0,0.0,0.0,0.0,0.0,0.0,0.0,0.0,0.0,0.9483065,0.0,0.0,0.0,0.0,0.0,0.0,0.0,0.16666667,6,0.13353139262452263,1.9508932,0
96ad1fb5-4238-4c76-95fe-f3aec1833842,0.67021173,0.0,0.0,0.0,0.0,0.0,0.0,0.0,0.0,0.0,0.0,0.0,0.6232637,0.0,0.0,0.0,0.0,0.0,0.0,0.0,0.083333336,7,0.11778303565638346,1.2934754,0
96ad1fb5-4238-4c76-95fe-f3aec1833842,0.66076434,0.0,0.0,0.0,0.0,0.0,0.0,0.0,0.0,0.0,0.0,0.0,0.6120381,0.0,0.0,0.0,0.0,0.0,0.0,0.0,0.083333336,8,0.1053605156578263,1.2728024,0
96ad1fb5-4238-4c76-95fe-f3aec1833842,0.64638084,0.0,0.0,0.0,0.0,0.0,0.0,0.0,0.0,0.0,0.0,0.0,0.6025907,0.0,0.0,0.0,0.0,0.0,0.0,0.0,0.083333336,9,0.09531017980432487,1.2489715,0
a25165f1-d536-4ab8-a7da-cf9b9b38bd65,0.9127847,0.0,0.0,0.0,0.0,0.0,0.0,0.0,0.0,0.0,0.0,0.0,0.86309224,0.0,0.0,0.0,0.0,0.0,0.0,0.0,0.5,0,0.6931471805599453,1.775877,1
a25165f1-d536-4ab8-a7da-cf9b9b38bd65,0.8369281,0.0,0.0,0.0,0.0,0.0,0.0,0.0,0.0,0.0,0.0,0.0,0.76382804,0.0,0.0,0.0,0.0,0.0,0.0,0.0,0.5,1,0.4054651081081644,1.6007562,0
a25165f1-d536-4ab8-a7da-cf9b9b38bd65,0.499258,0.0,0.0,0.0,0.0,0.0,0.0,0.0,0.0,0.0,0.0,0.0,0.44880933,0.0,0.0,0.0,0.0,0.0,0.0,0.0,0.5,2,0.2876820724517809,0.9480673,0
a25165f1-d536-4ab8-a7da-cf9b9b38bd65,0.30991578,0.0,0.0,0.0,0.0,0.0,0.0,0.0,0.0,0.0,0.0,0.0,0.28404343,0.0,0.0,0.0,0.0,0.0,0.0,0.0,0.5,3,0.22314355131420976,0.5939592,0
a25165f1-d536-4ab8-a7da-cf9b9b38bd65,0.27485925,0.0,0.0,0.0,0.0,0.0,0.0,0.0,0.0,0.0,0.0,0.0,0.25721937,0.0,0.0,0.0,0.0,0.0,0.0,0.0,0.5,4,0.18232155679395462,0.5320786,0
a25165f1-d536-4ab8-a7da-cf9b9b38bd65,0.27485925,0.0,0.0,0.0,0.0,0.0,0.0,0.0,0.0,0.0,0.0,0.0,0.24283586,0.0,0.0,0.0,0.0,0.0,0.0,0.0,0.5,5,0.1541506798272583,0.5176951,0
a25165f1-d536-4ab8-a7da-cf9b9b38bd65,0.25145158,0.0,0.0,0.0,0.0,0.0,0.0,0.0,0.0,0.0,0.0,0.0,0.24283586,0.0,0.0,0.0,0.0,0.0,0.0,0.0,0.5,6,0.13353139262452263,0.49428743,0
a25165f1-d536-4ab8-a7da-cf9b9b38bd65,0.25145158,0.0,0.0,0.0,0.0,0.0,0.0,0.0,0.0,0.0,0.0,0.0,0.24283586,0.0,0.0,0.0,0.0,0.0,0.0,0.0,0.5,7,0.11778303565638346,0.49428743,0
a25165f1-d536-4ab8-a7da-cf9b9b38bd65,0.25145158,0.0,0.0,0.0,0.0,0.0,0.0,0.0,0.0,0.0,0.0,0.0,0.21942818,0.0,0.0,0.0,0.0,0.0,0.0,0.0,0.5,8,0.1053605156578263,0.47087976,0
a25165f1-d536-4ab8-a7da-cf9b9b38bd65,0.25145158,0.0,0.0,0.0,0.0,0.0,0.0,0.0,0.0,0.0,0.0,0.0,0.21942818,0.0,0.0,0.0,0.0,0.0,0.0,0.0,0.5,9,0.09531017980432487,0.47087976,0
18c6ac94-b36e-4748-8f13-146ff9b63c30,0.9127847,0.0,0.0,0.0,0.0,0.0,0.0,0.0,0.0,0.0,0.0,0.0,0.86309224,0.0,0.0,0.0,0.0,0.0,0.0,0.0,1.0,0,0.6931471805599453,1.775877,0
18c6ac94-b36e-4748-8f13-146ff9b63c30,0.8369281,0.0,0.0,0.0,0.0,0.0,0.0,0.0,0.0,0.0,0.0,0.0,0.76382804,0.0,0.0,0.0,0.0,0.0,0.0,0.0,1.0,1,0.4054651081081644,1.6007562,1
2f090492-b2ef-4c9b-9e63-cc7ce9eaa84e,4.4377065,1.5344744,0.55359066,1.5344744,0.0,0.0,0.0,0.0,0.0,0.0,0.0,0.0,4.0171566,1.3669465,0.47580522,1.3669465,0.0,0.0,0.0,0.0,0.5833334,0,0.6931471805599453,8.454863,0
2f090492-b2ef-4c9b-9e63-cc7ce9eaa84e,2.3196151,0.6106475,0.0,0.6106475,0.0,0.0,0.0,0.0,0.0,0.0,0.0,0.0,2.1967077,0.58552355,0.0,0.58552355,0.0,0.0,0.0,0.0,0.33333334,1,0.4054651081081644,4.516323,1
2f090492-b2ef-4c9b-9e63-cc7ce9eaa84e,1.9279397,1.1550674,0.0,1.1550674,0.0,0.0,0.0,0.0,0.0,0.0,0.0,0.0,1.7792914,1.0457443,0.0,1.0457443,0.0,0.0,0.0,0.0,0.16666667,2,0.2876820724517809,3.707231,0
2f090492-b2ef-4c9b-9e63-cc7ce9eaa84e,1.9437382,0.0,0.0,0.0,0.0,0.0,0.0,0.0,0.0,0.0,0.0,0.0,1.7633358,0.0,0.0,0.0,0.0,0.0,0.0,0.0,0.33333334,3,0.22314355131420976,3.7070742,0
2f090492-b2ef-4c9b-9e63-cc7ce9eaa84e,1.1151011,0.0,0.094260834,0.0,0.0,0.0,0.0,0.0,0.0,0.0,0.0,0.0,1.0934521,0.0,0.10340817,0.0,0.0,0.0,0.0,0.0,0.33333334,4,0.18232155679395462,2.2085533,0
2f090492-b2ef-4c9b-9e63-cc7ce9eaa84e,0.9260838,0.0,0.0,0.0,0.0,0.0,0.0,0.0,0.0,0.0,0.0,0.0,0.82908034,0.0,0.0,0.0,0.0,0.0,0.0,0.0,0.16666667,5,0.1541506798272583,1.7551641,0
2f090492-b2ef-4c9b-9e63-cc7ce9eaa84e,0.8352365,0.0,0.0,0.0,0.0,0.0,0.0,0.0,0.0,0.0,0.0,0.0,0.74494857,0.0,0.0,0.0,0.0,0.0,0.0,0.0,0.25,6,0.13353139262452263,1.580185,0
2f090492-b2ef-4c9b-9e63-cc7ce9eaa84e,0.81666934,0.038299758,0.0,0.038299758,0.0,0.0,0.0,0.0,0.0,0.0,0.0,0.0,0.7299615,0.027220635,0.0,0.027220635,0.0,0.0,0.0,0.0,0.25,7,0.11778303565638346,1.5466309,0
2f090492-b2ef-4c9b-9e63-cc7ce9eaa84e,0.7688911,0.0,0.0,0.0,0.0,0.0,0.0,0.0,0.0,0.0,0.0,0.0,0.7614279,0.0,0.0,0.0,0.0,0.0,0.0,0.0,0.16666667,8,0.1053605156578263,1.530319,0
2f090492-b2ef-4c9b-9e63-cc7ce9eaa84e,0.8068943,0.19440506,0.0,0.19440506,0.0,0.0,0.0,0.0,0.0,0.0,0.0,0.0,0.7166064,0.16530268,0.0,0.16530268,0.0,0.0,0.0,0.0,0.25,9,0.09531017980432487,1.5235007,0
cc70738d-6d65-4ede-9de9-a4075343f307,4.4377065,1.5344744,0.55359066,1.5344744,0.0,0.0,0.0,0.0,0.0,0.0,0.0,0.0,4.0171566,1.3669465,0.47580522,1.3669465,0.0,0.0,0.0,0.0,0.5833334,0,0.6931471805599453,8.454863,1
cc70738d-6d65-4ede-9de9-a4075343f307,2.3196151,0.6106475,0.0,0.6106475,0.0,0.0,0.0,0.0,0.0,0.0,0.0,0.0,2.1967077,0.58552355,0.0,0.58552355,0.0,0.0,0.0,0.0,0.33333334,1,0.4054651081081644,4.516323,0
cc70738d-6d65-4ede-9de9-a4075343f307,1.9279397,1.1550674,0.0,1.1550674,0.0,0.0,0.0,0.0,0.0,0.0,0.0,0.0,1.7792914,1.0457443,0.0,1.0457443,0.0,0.0,0.0,0.0,0.16666667,2,0.2876820724517809,3.707231,0
cc70738d-6d65-4ede-9de9-a4075343f307,1.9437382,0.0,0.0,0.0,0.0,0.0,0.0,0.0,0.0,0.0,0.0,0.0,1.7633358,0.0,0.0,0.0,0.0,0.0,0.0,0.0,0.33333334,3,0.22314355131420976,3.7070742,0
cc70738d-6d65-4ede-9de9-a4075343f307,1.1151011,0.0,0.094260834,0.0,0.0,0.0,0.0,0.0,0.0,0.0,0.0,0.0,1.0934521,0.0,0.10340817,0.0,0.0,0.0,0.0,0.0,0.33333334,4,0.18232155679395462,2.2085533,0
cc70738d-6d65-4ede-9de9-a4075343f307,0.9260838,0.0,0.0,0.0,0.0,0.0,0.0,0.0,0.0,0.0,0.0,0.0,0.82908034,0.0,0.0,0.0,0.0,0.0,0.0,0.0,0.16666667,5,0.1541506798272583,1.7551641,0
cc70738d-6d65-4ede-9de9-a4075343f307,0.8352365,0.0,0.0,0.0,0.0,0.0,0.0,0.0,0.0,0.0,0.0,0.0,0.74494857,0.0,0.0,0.0,0.0,0.0,0.0,0.0,0.25,6,0.13353139262452263,1.580185,0
cc70738d-6d65-4ede-9de9-a4075343f307,0.81666934,0.038299758,0.0,0.038299758,0.0,0.0,0.0,0.0,0.0,0.0,0.0,0.0,0.7299615,0.027220635,0.0,0.027220635,0.0,0.0,0.0,0.0,0.25,7,0.11778303565638346,1.5466309,0
cc70738d-6d65-4ede-9de9-a4075343f307,0.7688911,0.0,0.0,0.0,0.0,0.0,0.0,0.0,0.0,0.0,0.0,0.0,0.7614279,0.0,0.0,0.0,0.0,0.0,0.0,0.0,0.16666667,8,0.1053605156578263,1.530319,0
cc70738d-6d65-4ede-9de9-a4075343f307,0.8068943,0.19440506,0.0,0.19440506,0.0,0.0,0.0,0.0,0.0,0.0,0.0,0.0,0.7166064,0.16530268,0.0,0.16530268,0.0,0.0,0.0,0.0,0.25,9,0.09531017980432487,1.5235007,0
23b19fbe-b10b-4153-87d8-ea2076887892,0.8186327,0.0,0.0,0.0,0.0,0.0,0.0,0.0,0.0,0.0,0.0,0.0,0.74993926,0.0,0.0,0.0,0.0,0.0,0.0,0.0,0.5,0,0.6931471805599453,1.568572,0
23b19fbe-b10b-4153-87d8-ea2076887892,0.51463896,0.0,0.0,0.0,0.0,0.0,0.0,0.0,0.0,0.0,0.0,0.0,0.4775541,0.0,0.0,0.0,0.0,0.0,0.0,0.0,0.5,1,0.4054651081081644,0.9921931,0
23b19fbe-b10b-4153-87d8-ea2076887892,0.50519156,0.0,0.0,0.0,0.0,0.0,0.0,0.0,0.0,0.0,0.0,0.0,0.4663285,0.0,0.0,0.0,0.0,0.0,0.0,0.0,0.5,2,0.2876820724517809,0.97152007,1
23b19fbe-b10b-4153-87d8-ea2076887892,0.499258,0.0,0.0,0.0,0.0,0.0,0.0,0.0,0.0,0.0,0.0,0.0,0.44880933,0.0,0.0,0.0,0.0,0.0,0.0,0.0,0.5,3,0.22314355131420976,0.9480673,0
23b19fbe-b10b-4153-87d8-ea2076887892,0.46740034,0.0,0.0,0.0,0.0,0.0,0.0,0.0,0.0,0.0,0.0,0.0,0.4190899,0.0,0.0,0.0,0.0,0.0,0.0,0.0,0.5,4,0.18232155679395462,0.8864902,0
23b19fbe-b10b-4153-87d8-ea2076887892,0.42569143,0.0,0.0,0.0,0.0,0.0,0.0,0.0,0.0,0.0,0.0,0.0,0.377381,0.0,0.0,0.0,0.0,0.0,0.0,0.0,0.5,5,0.1541506798272583,0.80307245,0
23b19fbe-b10b-4153-87d8-ea2076887892,0.30991578,0.0,0.0,0.0,0.0,0.0,0.0,0.0,0.0,0.0,0.0,0.0,0.28404343,0.0,0.0,0.0,0.0,0.0,0.0,0.0,0.5,6,0.13353139262452263,0.5939592,0
23b19fbe-b10b-4153-87d8-ea2076887892,0.27485925,0.0,0.0,0.0,0.0,0.0,0.0,0.0,0.0,0.0,0.0,0.0,0.25721937,0.0,0.0,0.0,0.0,0.0,0.0,0.0,0.5,7,0.11778303565638346,0.5320786,0
23b19fbe-b10b-4153-87d8-ea2076887892,0.27485925,0.0,0.0,0.0,0.0,0.0,0.0,0.0,0.0,0.0,0.0,0.0,0.24283586,0.0,0.0,0.0,0.0,0.0,0.0,0.0,0.5,8,0.1053605156578263,0.5176951,0
23b19fbe-b10b-4153-87d8-ea2076887892,0.25145158,0.0,0.0,0.0,0.0,0.0,0.0,0.0,0.0,0.0,0.0,0.0,0.24283586,0.0,0.0,0.0,0.0,0.0,0.0,0.0,0.5,9,0.09531017980432487,0.49428743,0
4c4a22b6-e0de-4cc2-8a0c-bedaf06f69b4,0.8186327,0.0,0.0,0.0,0.0,0.0,0.0,0.0,0.0,0.0,0.0,0.0,0.74993926,0.0,0.0,0.0,0.0,0.0,0.0,0.0,1.0,0,0.6931471805599453,1.568572,1
4c4a22b6-e0de-4cc2-8a0c-bedaf06f69b4,0.51463896,0.0,0.0,0.0,0.0,0.0,0.0,0.0,0.0,0.0,0.0,0.0,0.4775541,0.0,0.0,0.0,0.0,0.0,0.0,0.0,1.0,1,0.4054651081081644,0.9921931,0
4c4a22b6-e0de-4cc2-8a0c-bedaf06f69b4,0.50519156,0.0,0.0,0.0,0.0,0.0,0.0,0.0,0.0,0.0,0.0,0.0,0.4663285,0.0,0.0,0.0,0.0,0.0,0.0,0.0,1.0,2,0.2876820724517809,0.97152007,0
4c4a22b6-e0de-4cc2-8a0c-bedaf06f69b4,0.46740034,0.0,0.0,0.0,0.0,0.0,0.0,0.0,0.0,0.0,0.0,0.0,0.4190899,0.0,0.0,0.0,0.0,0.0,0.0,0.0,1.0,3,0.22314355131420976,0.8864902,0
4c4a22b6-e0de-4cc2-8a0c-bedaf06f69b4,0.42569143,0.0,0.0,0.0,0.0,0.0,0.0,0.0,0.0,0.0,0.0,0.0,0.377381,0.0,0.0,0.0,0.0,0.0,0.0,0.0,1.0,4,0.18232155679395462,0.80307245,0
e53666f4-ef73-439d-a8d1-d320ebad6068,1.8740232,0.0,0.0,0.0,0.0,0.0,0.0,0.0,0.0,0.0,0.0,0.0,1.7124141,0.0,0.0,0.0,0.0,0.0,0.0,0.0,0.8,0,0.6931471805599453,3.5864372,0
e53666f4-ef73-439d-a8d1-d320ebad6068,1.5942835,0.0,0.008193707,0.0,0.0,0.0,0.0,0.0,0.0,0.0,0.0,0.0,1.4510491,0.0,0.0,0.0,0.0,0.0,0.0,0.0,0.6,1,0.4054651081081644,3.0453324,0
e53666f4-ef73-439d-a8d1-d320ebad6068,1.1862365,0.0,0.0,0.0,0.0,0.0,0.0,0.0,0.0,0.0,0.0,0.0,1.1023762,0.0,0.0,0.0,0.0,0.0,0.0,0.0,0.2,2,0.2876820724517809,2.2886128,0
e53666f4-ef73-439d-a8d1-d320ebad6068,0.7741433,0.0,0.0,0.0,0.0,0.0,0.0,0.0,0.0,0.0,0.0,0.0,0.7144077,0.0,0.0,0.0,0.0,0.0,0.0,0.0,0.4,3,0.22314355131420976,1.4885509,1
e53666f4-ef73-439d-a8d1-d320ebad6068,0.5711576,0.0,0.0,0.0,0.0,0.0,0.0,0.0,0.0,0.0,0.0,0.0,0.5085256,0.0,0.0,0.0,0.0,0.0,0.0,0.0,0.4,4,0.18232155679395462,1.0796832,0
e53666f4-ef73-439d-a8d1-d320ebad6068,0.46740034,0.0,0.0,0.0,0.0,0.0,0.0,0.0,0.0,0.0,0.0,0.0,0.4190899,0.0,0.0,0.0,0.0,0.0,0.0,0.0,0.2,5,0.1541506798272583,0.8864902,0
e53666f4-ef73-439d-a8d1-d320ebad6068,0.4075526,0.0,0.0,0.0,0.0,0.0,0.0,0.0,0.0,0.0,0.0,0.0,0.39848727,0.0,0.0,0.0,0.0,0.0,0.0,0.0,0.4,6,0.13353139262452263,0.80603987,0
e53666f4-ef73-439d-a8d1-d320ebad6068,0.36368477,0.0,0.0,0.0,0.0,0.0,0.0,0.0,0.0,0.0,0.0,0.0,0.3190433,0.0,0.0,0.0,0.0,0.0,0.0,0.0,0.4,7,0.11778303565638346,0.68272805,0
e53666f4-ef73-439d-a8d1-d320ebad6068,0.32629767,0.0,0.0,0.0,0.0,0.0,0.0,0.0,0.0,0.0,0.0,0.0,0.27022448,0.0,0.0,0.0,0.0,0.0,0.0,0.0,0.4,8,0.1053605156578263,0.59652215,0
e53666f4-ef73-439d-a8d1-d320ebad6068,0.25145158,0.0,0.0,0.0,0.0,0.0,0.0,0.0,0.0,0.0,0.0,0.0,0.21942818,0.0,0.0,0.0,0.0,0.0,0.0,0.0,0.2,9,0.09531017980432487,0.47087976,0
5c9a8e19-86de-4d7e-82e5-e772a8f99647,1.8740232,0.0,0.0,0.0,0.0,0.0,0.0,0.0,0.0,0.0,0.0,0.0,1.7124141,0.0,0.0,0.0,0.0,0.0,0.0,0.0,0.8,0,0.6931471805599453,3.5864372,0
5c9a8e19-86de-4d7e-82e5-e772a8f99647,1.5942835,0.0,0.008193707,0.0,0.0,0.0,0.0,0.0,0.0,0.0,0.0,0.0,1.4510491,0.0,0.0,0.0,0.0,0.0,0.0,0.0,0.6,1,0.4054651081081644,3.0453324,1
5c9a8e19-86de-4d7e-82e5-e772a8f99647,1.1862365,0.0,0.0,0.0,0.0,0.0,0.0,0.0,0.0,0.0,0.0,0.0,1.1023762,0.0,0.0,0.0,0.0,0.0,0.0,0.0,0.2,2,0.2876820724517809,2.2886128,0
5c9a8e19-86de-4d7e-82e5-e772a8f99647,0.7741433,0.0,0.0,0.0,0.0,0.0,0.0,0.0,0.0,0.0,0.0,0.0,0.7144077,0.0,0.0,0.0,0.0,0.0,0.0,0.0,0.4,3,0.22314355131420976,1.4885509,0
5c9a8e19-86de-4d7e-82e5-e772a8f99647,0.5711576,0.0,0.0,0.0,0.0,0.0,0.0,0.0,0.0,0.0,0.0,0.0,0.5085256,0.0,0.0,0.0,0.0,0.0,0.0,0.0,0.4,4,0.18232155679395462,1.0796832,0
5c9a8e19-86de-4d7e-82e5-e772a8f99647,0.46740034,0.0,0.0,0.0,0.0,0.0,0.0,0.0,0.0,0.0,0.0,0.0,0.4190899,0.0,0.0,0.0,0.0,0.0,0.0,0.0,0.2,5,0.1541506798272583,0.8864902,0
5c9a8e19-86de-4d7e-82e5-e772a8f99647,0.4075526,0.0,0.0,0.0,0.0,0.0,0.0,0.0,0.0,0.0,0.0,0.0,0.39848727,0.0,0.0,0.0,0.0,0.0,0.0,0.0,0.4,6,0.13353139262452263,0.80603987,0
5c9a8e19-86de-4d7e-82e5-e772a8f99647,0.36368477,0.0,0.0,0.0,0.0,0.0,0.0,0.0,0.0,0.0,0.0,0.0,0.3190433,0.0,0.0,0.0,0.0,0.0,0.0,0.0,0.4,7,0.11778303565638346,0.68272805,0
5c9a8e19-86de-4d7e-82e5-e772a8f99647,0.32629767,0.0,0.0,0.0,0.0,0.0,0.0,0.0,0.0,0.0,0.0,0.0,0.27022448,0.0,0.0,0.0,0.0,0.0,0.0,0.0,0.4,8,0.1053605156578263,0.59652215,0
5c9a8e19-86de-4d7e-82e5-e772a8f99647,0.25145158,0.0,0.0,0.0,0.0,0.0,0.0,0.0,0.0,0.0,0.0,0.0,0.21942818,0.0,0.0,0.0,0.0,0.0,0.0,0.0,0.2,9,0.09531017980432487,0.47087976,0
440d7c71-f9ac-4e8d-9e19-5e74996b1b2d,2.2997298,1.7064142,0.4100478,1.7064142,0.0,0.0,0.0,0.0,0.0,0.0,0.0,0.0,2.115014,1.5431573,0.36339486,1.5431573,0.0,0.0,0.0,0.0,0.375,0,0.6931471805599453,4.414744,0
440d7c71-f9ac-4e8d-9e19-5e74996b1b2d,1.4584651,0.31557062,0.0,0.31557062,0.0,0.0,0.0,0.0,0.0,0.0,0.0,0.0,1.3180609,0.26891768,0.0,0.26891768,0.0,0.0,0.0,0.0,0.375,1,0.4054651081081644,2.776526,0
440d7c71-f9ac-4e8d-9e19-5e74996b1b2d,1.177623,0.0,0.0,0.0,0.0,0.0,0.0,0.0,0.0,0.0,0.0,0.0,1.111168,0.0,0.0,0.0,0.0,0.0,0.0,0.0,0.375,2,0.2876820724517809,2.2887912,1
440d7c71-f9ac-4e8d-9e19-5e74996b1b2d,1.0743934,0.066558704,0.0,0.066558704,0.0,0.0,0.0,0.0,0.0,0.0,0.0,0.0,0.9728631,0.04749276,0.0,0.04749276,0.0,0.0,0.0,0.0,0.25,3,0.22314355131420976,2.0472565,0
440d7c71-f9ac-4e8d-9e19-5e74996b1b2d,1.0315241,0.0,0.026035286,0.0,0.0,0.0,0.0,0.0,0.0,0.0,0.0,0.0,0.9192839,0.0,0.017239155,0.0,0.0,0.0,0.0,0.0,0.375,4,0.18232155679395462,1.950808,0
440d7c71-f9ac-4e8d-9e19-5e74996b1b2d,0.70111585,0.0,0.0,0.0,0.0,0.0,0.0,0.0,0.0,0.0,0.0,0.0,0.5993312,0.0,0.0,0.0,0.0,0.0,0.0,0.0,0.375,5,0.1541506798272583,1.300447,0
440d7c71-f9ac-4e8d-9e19-5e74996b1b2d,0.6774891,0.0,0.0,0.0,0.0,0.0,0.0,0.0,0.0,0.0,0.0,0.0,0.6161861,0.0,0.0,0.0,0.0,0.0,0.0,0.0,0.125,6,0.13353139262452263,1.2936752,0
440d7c71-f9ac-4e8d-9e19-5e74996b1b2d,0.63384885,0.0,0.0,0.0,0.0,0.0,0.0,0.0,0.0,0.0,0.0,0.0,0.54916686,0.0,0.0,0.0,0.0,0.0,0.0,0.0,0.375,7,0.11778303565638346,1.1830157,0
440d7c71-f9ac-4e8d-9e19-5e74996b1b2d,0.58668745,0.0,0.0,0.0,0.0,0.0,0.0,0.0,0.0,0.0,0.0,0.0,0.51002157,0.0,0.0,0.0,0.0,0.0,0.0,0.0,0.25,8,0.1053605156578263,1.096709,0
440d7c71-f9ac-4e8d-9e19-5e74996b1b2d,0.56719625,0.0,0.0,0.0,0.0,0.0,0.0,0.0,0.0,0.0,0.0,0.0,0.4680408,0.0,0.0,0.0,0.0,0.0,0.0,0.0,0.375,9,0.09531017980432487,1.0352371,0
2eff144c-8e74-4d36-9d6c-16f2a5cf44dd,2.2997298,1.7064142,0.4100478,1.7064142,0.0,0.0,0.0,0.0,0.0,0.0,0.0,0.0,2.115014,1.5431573,0.36339486,1.5431573,0.0,0.0,0.0,0.0,0.3,0,0.6931471805599453,4.414744,0
2eff144c-8e74-4d36-9d6c-16f2a5cf44dd,1.5652014,0.066558704,0.0,0.066558704,0.0,0.0,0.0,0.0,0.0,0.0,0.0,0.0,1.4153607,0.04749276,0.0,0.04749276,0.0,0.0,0.0,0.0,0.3,1,0.4054651081081644,2.9805622,0
2eff144c-8e74-4d36-9d6c-16f2a5cf44dd,1.4584651,0.31557062,0.0,0.31557062,0.0,0.0,0.0,0.0,0.0,0.0,0.0,0.0,1.3180609,0.26891768,0.0,0.26891768,0.0,0.0,0.0,0.0,0.3,2,0.2876820724517809,2.776526,1
2eff144c-8e74-4d36-9d6c-16f2a5cf44dd,1.177623,0.0,0.0,0.0,0.0,0.0,0.0,0.0,0.0,0.0,0.0,0.0,1.111168,0.0,0.0,0.0,0.0,0.0,0.0,0.0,0.3,3,0.22314355131420976,2.2887912,0
2eff144c-8e74-4d36-9d6c-16f2a5cf44dd,1.1012492,0.0,0.0,0.0,0.0,0.0,0.0,0.0,0.0,0.0,0.0,0.0,0.9682568,0.0,0.0,0.0,0.0,0.0,0.0,0.0,0.4,4,0.18232155679395462,2.069506,0
2eff144c-8e74-4d36-9d6c-16f2a5cf44dd,1.0315241,0.0,0.026035286,0.0,0.0,0.0,0.0,0.0,0.0,0.0,0.0,0.0,0.9192839,0.0,0.017239155,0.0,0.0,0.0,0.0,0.0,0.3,5,0.1541506798272583,1.950808,0
2eff144c-8e74-4d36-9d6c-16f2a5cf44dd,0.95122135,0.0,0.0,0.0,0.0,0.0,0.0,0.0,0.0,0.0,0.0,0.0,0.85712886,0.0,0.0,0.0,0.0,0.0,0.0,0.0,0.2,6,0.13353139262452263,1.8083502,0
2eff144c-8e74-4d36-9d6c-16f2a5cf44dd,0.78672934,0.0,0.0,0.0,0.0,0.0,0.0,0.0,0.0,0.0,0.0,0.0,0.69072104,0.0,0.0,0.0,0.0,0.0,0.0,0.0,0.3,7,0.11778303565638346,1.4774504,0
2eff144c-8e74-4d36-9d6c-16f2a5cf44dd,0.7663469,0.0,0.0,0.0,0.0,0.0,0.0,0.0,0.0,0.0,0.0,0.0,0.6832418,0.0,0.0,0.0,0.0,0.0,0.0,0.0,0.2,8,0.1053605156578263,1.4495887,0
2eff144c-8e74-4d36-9d6c-16f2a5cf44dd,0.7144058,0.0,0.0,0.0,0.0,0.0,0.0,0.0,0.0,0.0,0.0,0.0,0.6286715,0.0,0.0,0.0,0.0,0.0,0.0,0.0,0.2,9,0.09531017980432487,1.3430773,0
47262e48-abdd-419c-921b-70e4270cce71,2.2997298,1.7064142,0.4100478,1.7064142,0.0,0.0,0.0,0.0,0.0,0.0,0.0,0.0,2.115014,1.5431573,0.36339486,1.5431573,0.0,0.0,0.0,0.0,0.375,0,0.6931471805599453,4.414744,1
47262e48-abdd-419c-921b-70e4270cce71,1.4584651,0.31557062,0.0,0.31557062,0.0,0.0,0.0,0.0,0.0,0.0,0.0,0.0,1.3180609,0.26891768,0.0,0.26891768,0.0,0.0,0.0,0.0,0.375,1,0.4054651081081644,2.776526,0
47262e48-abdd-419c-921b-70e4270cce71,1.1725742,0.0,0.0,0.0,0.0,0.0,0.0,0.0,0.0,0.0,0.0,0.0,1.0640407,0.0,0.0,0.0,0.0,0.0,0.0,0.0,0.25,2,0.2876820724517809,2.2366147,0
47262e48-abdd-419c-921b-70e4270cce71,1.0660468,0.0,0.0,0.0,0.0,0.0,0.0,0.0,0.0,0.0,0.0,0.0,1.0025864,0.0,0.0,0.0,0.0,0.0,0.0,0.0,0.25,3,0.22314355131420976,2.068633,0
47262e48-abdd-419c-921b-70e4270cce71,1.0315241,0.0,0.026035286,0.0,0.0,0.0,0.0,0.0,0.0,0.0,0.0,0.0,0.9192839,0.0,0.017239155,0.0,0.0,0.0,0.0,0.0,0.375,4,0.18232155679395462,1.950808,0
47262e48-abdd-419c-921b-70e4270cce71,1.0130807,0.0,0.0,0.0,0.0,0.0,0.0,0.0,0.0,0.0,0.0,0.0,0.89746624,0.0,0.0,0.0,0.0,0.0,0.0,0.0,0.375,5,0.1541506798272583,1.910547,0
47262e48-abdd-419c-921b-70e4270cce71,0.7663469,0.0,0.0,0.0,0.0,0.0,0.0,0.0,0.0,0.0,0.0,0.0,0.6832418,0.0,0.0,0.0,0.0,0.0,0.0,0.0,0.25,6,0.13353139262452263,1.4495887,0
47262e48-abdd-419c-921b-70e4270cce71,0.7144058,0.0,0.0,0.0,0.0,0.0,0.0,0.0,0.0,0.0,0.0,0.0,0.6286715,0.0,0.0,0.0,0.0,0.0,0.0,0.0,0.25,7,0.11778303565638346,1.3430773,0
47262e48-abdd-419c-921b-70e4270cce71,0.6985609,0.0,0.0,0.0,0.0,0.0,0.0,0.0,0.0,0.0,0.0,0.0,0.6199305,0.0,0.0,0.0,0.0,0.0,0.0,0.0,0.25,8,0.1053605156578263,1.3184915,0
47262e48-abdd-419c-921b-70e4270cce71,0.5738472,0.0,0.0,0.0,0.0,0.0,0.0,0.0,0.0,0.0,0.0,0.0,0.5064093,0.0,0.0,0.0,0.0,0.0,0.0,0.0,0.25,9,0.09531017980432487,1.0802565,0
7a6dd012-b33b-43ce-884d-a5bb5c3c27ab,1.8623588,0.4181148,0.0,0.4181148,0.0,0.0,0.0,0.0,0.0,0.0,0.0,0.0,1.631295,0.35620177,0.0,0.35620177,0.0,0.0,0.0,0.0,0.75,0,0.6931471805599453,3.4936538,0
7a6dd012-b33b-43ce-884d-a5bb5c3c27ab,1.7165985,0.32751065,0.0,0.43035626,0.0,0.0,0.0,0.0,0.0,0.0,0.0,0.0,1.5501721,0.2862034,0.0,0.3817288,0.0,0.0,0.0,0.0,0.375,1,0.4054651081081644,3.2667706,0
7a6dd012-b33b-43ce-884d-a5bb5c3c27ab,1.3376889,0.57711506,0.0,0.57711506,0.0,0.0,0.0,0.0,0.0,0.0,0.0,0.0,1.2388997,0.5340968,0.0,0.5340968,0.0,0.0,0.0,0.0,0.375,2,0.2876820724517809,2.5765886,0
7a6dd012-b33b-43ce-884d-a5bb5c3c27ab,1.001626,0.0,0.0,0.0,0.0,0.0,0.0,0.0,0.0,0.0,0.0,0.0,0.9067855,0.0,0.0,0.0,0.0,0.0,0.0,0.0,0.25,3,0.22314355131420976,1.9084115,0
7a6dd012-b33b-43ce-884d-a5bb5c3c27ab,0.9505759,0.0,0.0,0.0,0.0,0.0,0.0,0.0,0.0,0.0,0.0,0.0,0.88692313,0.0,0.0,0.0,0.0,0.0,0.0,0.0,0.125,4,0.18232155679395462,1.837499,0
7a6dd012-b33b-43ce-884d-a5bb5c3c27ab,0.9325316,0.0,0.0,0.0,0.0,0.0,0.0,0.0,0.0,0.0,0.0,0.0,0.8088853,0.0,0.0,0.0,0.0,0.0,0.0,0.0,0.375,5,0.1541506798272583,1.7414169,0
7a6dd012-b33b-43ce-884d-a5bb5c3c27ab,0.8894459,0.4181148,0.0,0.4181148,0.0,0.0,0.0,0.0,0.0,0.0,0.0,0.0,0.794338,0.35620177,0.0,0.35620177,0.0,0.0,0.0,0.0,0.25,6,0.13353139262452263,1.6837839,0
7a6dd012-b33b-43ce-884d-a5bb5c3c27ab,0.818587,0.0,0.0,0.0,0.0,0.0,0.0,0.0,0.0,0.0,0.0,0.0,0.79066354,0.0,0.0,0.0,0.0,0.0,0.0,0.0,0.375,7,0.11778303565638346,1.6092505,0
7a6dd012-b33b-43ce-884d-a5bb5c3c27ab,0.7915143,0.0,0.0,0.0,0.0,0.0,0.0,0.0,0.0,0.0,0.0,0.0,0.6933336,0.0,0.0,0.0,0.0,0.0,0.0,0.0,0.375,8,0.1053605156578263,1.4848479,0
7a6dd012-b33b-43ce-884d-a5bb5c3c27ab,0.65601116,0.0,0.0,0.0,0.0,0.0,0.0,0.0,0.0,0.0,0.0,0.0,0.5436673,0.0,0.0,0.0,0.0,0.0,0.0,0.0,0.5,9,0.09531017980432487,1.1996784,1
27d48091-c305-4d21-9a60-14bc90b5b378,1.8623588,0.4181148,0.0,0.4181148,0.0,0.0,0.0,0.0,0.0,0.0,0.0,0.0,1.631295,0.35620177,0.0,0.35620177,0.0,0.0,0.0,0.0,0.75,0,0.6931471805599453,3.4936538,0
27d48091-c305-4d21-9a60-14bc90b5b378,1.7165985,0.32751065,0.0,0.43035626,0.0,0.0,0.0,0.0,0.0,0.0,0.0,0.0,1.5501721,0.2862034,0.0,0.3817288,0.0,0.0,0.0,0.0,0.375,1,0.4054651081081644,3.2667706,0
27d48091-c305-4d21-9a60-14bc90b5b378,1.3376889,0.57711506,0.0,0.57711506,0.0,0.0,0.0,0.0,0.0,0.0,0.0,0.0,1.2388997,0.5340968,0.0,0.5340968,0.0,0.0,0.0,0.0,0.375,2,0.2876820724517809,2.5765886,0
27d48091-c305-4d21-9a60-14bc90b5b378,1.001626,0.0,0.0,0.0,0.0,0.0,0.0,0.0,0.0,0.0,0.0,0.0,0.9067855,0.0,0.0,0.0,0.0,0.0,0.0,0.0,0.25,3,0.22314355131420976,1.9084115,0
27d48091-c305-4d21-9a60-14bc90b5b378,0.9505759,0.0,0.0,0.0,0.0,0.0,0.0,0.0,0.0,0.0,0.0,0.0,0.88692313,0.0,0.0,0.0,0.0,0.0,0.0,0.0,0.125,4,0.18232155679395462,1.837499,0
27d48091-c305-4d21-9a60-14bc90b5b378,0.9325316,0.0,0.0,0.0,0.0,0.0,0.0,0.0,0.0,0.0,0.0,0.0,0.8088853,0.0,0.0,0.0,0.0,0.0,0.0,0.0,0.375,5,0.1541506798272583,1.7414169,0
27d48091-c305-4d21-9a60-14bc90b5b378,0.8894459,0.4181148,0.0,0.4181148,0.0,0.0,0.0,0.0,0.0,0.0,0.0,0.0,0.794338,0.35620177,0.0,0.35620177,0.0,0.0,0.0,0.0,0.25,6,0.13353139262452263,1.6837839,0
27d48091-c305-4d21-9a60-14bc90b5b378,0.818587,0.0,0.0,0.0,0.0,0.0,0.0,0.0,0.0,0.0,0.0,0.0,0.79066354,0.0,0.0,0.0,0.0,0.0,0.0,0.0,0.375,7,0.11778303565638346,1.6092505,0
27d48091-c305-4d21-9a60-14bc90b5b378,0.7915143,0.0,0.0,0.0,0.0,0.0,0.0,0.0,0.0,0.0,0.0,0.0,0.6933336,0.0,0.0,0.0,0.0,0.0,0.0,0.0,0.375,8,0.1053605156578263,1.4848479,0
27d48091-c305-4d21-9a60-14bc90b5b378,0.65601116,0.0,0.0,0.0,0.0,0.0,0.0,0.0,0.0,0.0,0.0,0.0,0.5436673,0.0,0.0,0.0,0.0,0.0,0.0,0.0,0.5,9,0.09531017980432487,1.1996784,0
893f56f1-e643-4533-bc33-20172b14d61d,1.7165985,0.32751065,0.0,0.43035626,0.0,0.0,0.0,0.0,0.0,0.0,0.0,0.0,1.5501721,0.2862034,0.0,0.3817288,0.0,0.0,0.0,0.0,0.42857146,0,0.6931471805599453,3.2667706,0
893f56f1-e643-4533-bc33-20172b14d61d,1.1623645,0.0,0.0,0.0,0.0,0.0,0.0,0.0,0.0,0.0,0.0,0.0,0.99608874,0.0,0.0,0.0,0.0,0.0,0.0,0.0,0.71428573,1,0.4054651081081644,2.1584532,0
893f56f1-e643-4533-bc33-20172b14d61d,1.001626,0.0,0.0,0.0,0.0,0.0,0.0,0.0,0.0,0.0,0.0,0.0,0.9067855,0.0,0.0,0.0,0.0,0.0,0.0,0.0,0.2857143,2,0.2876820724517809,1.9084115,0
893f56f1-e643-4533-bc33-20172b14d61d,0.9505759,0.0,0.0,0.0,0.0,0.0,0.0,0.0,0.0,0.0,0.0,0.0,0.88692313,0.0,0.0,0.0,0.0,0.0,0.0,0.0,0.14285715,3,0.22314355131420976,1.837499,0
893f56f1-e643-4533-bc33-20172b14d61d,0.9325316,0.0,0.0,0.0,0.0,0.0,0.0,0.0,0.0,0.0,0.0,0.0,0.8088853,0.0,0.0,0.0,0.0,0.0,0.0,0.0,0.42857146,4,0.18232155679395462,1.7414169,0
893f56f1-e643-4533-bc33-20172b14d61d,0.818587,0.0,0.0,0.0,0.0,0.0,0.0,0.0,0.0,0.0,0.0,0.0,0.79066354,0.0,0.0,0.0,0.0,0.0,0.0,0.0,0.42857146,5,0.1541506798272583,1.6092505,0
893f56f1-e643-4533-bc33-20172b14d61d,0.7915143,0.0,0.0,0.0,0.0,0.0,0.0,0.0,0.0,0.0,0.0,0.0,0.6933336,0.0,0.0,0.0,0.0,0.0,0.0,0.0,0.42857146,6,0.13353139262452263,1.4848479,0
893f56f1-e643-4533-bc33-20172b14d61d,0.65601116,0.0,0.0,0.0,0.0,0.0,0.0,0.0,0.0,0.0,0.0,0.0,0.5436673,0.0,0.0,0.0,0.0,0.0,0.0,0.0,0.5714286,7,0.11778303565638346,1.1996784,0
893f56f1-e643-4533-bc33-20172b14d61d,0.5581945,0.0,0.0,0.0,0.0,0.0,0.0,0.0,0.0,0.0,0.0,0.0,0.51474595,0.0,0.0,0.0,0.0,0.0,0.0,0.0,0.2857143,8,0.1053605156578263,1.0729405,0
893f56f1-e643-4533-bc33-20172b14d61d,0.5907685,0.0,0.0,0.0,0.0,0.0,0.0,0.0,0.0,0.0,0.0,0.0,0.479813,0.0,0.0,0.0,0.0,0.0,0.0,0.0,0.42857146,9,0.09531017980432487,1.0705816,0
b78cb480-e29c-4f92-963d-c4b76dd3c413,1.7165985,0.32751065,0.0,0.43035626,0.0,0.0,0.0,0.0,0.0,0.0,0.0,0.0,1.5501721,0.2862034,0.0,0.3817288,0.0,0.0,0.0,0.0,0.5,0,0.6931471805599453,3.2667706,0
b78cb480-e29c-4f92-963d-c4b76dd3c413,1.3376889,0.57711506,0.0,0.57711506,0.0,0.0,0.0,0.0,0.0,0.0,0.0,0.0,1.2388997,0.5340968,0.0,0.5340968,0.0,0.0,0.0,0.0,0.5,1,0.4054651081081644,2.5765886,0
b78cb480-e29c-4f92-963d-c4b76dd3c413,1.3688813,0.4181148,0.0,0.4181148,0.0,0.0,0.0,0.0,0.0,0.0,0.0,0.0,1.1906028,0.35620177,0.0,0.35620177,0.0,0.0,0.0,0.0,0.8333334,2,0.2876820724517809,2.559484,0
b78cb480-e29c-4f92-963d-c4b76dd3c413,1.001626,0.0,0.0,0.0,0.0,0.0,0.0,0.0,0.0,0.0,0.0,0.0,0.9067855,0.0,0.0,0.0,0.0,0.0,0.0,0.0,0.33333334,3,0.22314355131420976,1.9084115,0
b78cb480-e29c-4f92-963d-c4b76dd3c413,0.9505759,0.0,0.0,0.0,0.0,0.0,0.0,0.0,0.0,0.0,0.0,0.0,0.88692313,0.0,0.0,0.0,0.0,0.0,0.0,0.0,0.16666667,4,0.18232155679395462,1.837499,0
b78cb480-e29c-4f92-963d-c4b76dd3c413,0.8894459,0.4181148,0.0,0.4181148,0.0,0.0,0.0,0.0,0.0,0.0,0.0,0.0,0.794338,0.35620177,0.0,0.35620177,0.0,0.0,0.0,0.0,0.33333334,5,0.1541506798272583,1.6837839,0
b78cb480-e29c-4f92-963d-c4b76dd3c413,0.73041856,0.0,0.0,0.0,0.0,0.0,0.0,0.0,0.0,0.0,0.0,0.0,0.6964653,0.0,0.0,0.0,0.0,0.0,0.0,0.0,0.33333334,6,0.13353139262452263,1.4268839,0
b78cb480-e29c-4f92-963d-c4b76dd3c413,0.5907685,0.0,0.0,0.0,0.0,0.0,0.0,0.0,0.0,0.0,0.0,0.0,0.479813,0.0,0.0,0.0,0.0,0.0,0.0,0.0,0.5,7,0.11778303565638346,1.0705816,0
b78cb480-e29c-4f92-963d-c4b76dd3c413,0.56035376,0.0,0.0,0.0,0.0,0.0,0.0,0.0,0.0,0.0,0.0,0.0,0.49249303,0.0,0.0,0.0,0.0,0.0,0.0,0.0,0.33333334,8,0.1053605156578263,1.0528468,0
b78cb480-e29c-4f92-963d-c4b76dd3c413,0.49080804,0.0,0.0,0.0,0.0,0.0,0.0,0.0,0.0,0.0,0.0,0.0,0.4424976,0.0,0.0,0.0,0.0,0.0,0.0,0.0,0.16666667,9,0.09531017980432487,0.9333056,0
34b73655-1322-4283-89a0-95f854306efe,3.5549397,0.32687044,0.0,0.43816912,0.0,0.0,0.0,0.0,0.0,0.0,0.0,0.0,3.2389362,0.24705781,0.0,0.3459863,0.0,0.0,0.0,0.0,0.71428573,0,0.6931471805599453,6.7938757,1
34b73655-1322-4283-89a0-95f854306efe,1.3376987,0.0,0.0,0.0,0.0,0.0,0.0,0.0,0.0,0.0,0.0,0.0,1.2032956,0.0,0.0,0.0,0.0,0.0,0.0,0.0,0.2857143,1,0.4054651081081644,2.5409942,0
34b73655-1322-4283-89a0-95f854306efe,0.9566461,0.0,0.0,0.0,0.0,0.0,0.0,0.0,0.0,0.0,0.0,0.0,0.9177352,0.0,0.0,0.0,0.0,0.0,0.0,0.0,0.42857146,2,0.2876820724517809,1.8743813,0
34b73655-1322-4283-89a0-95f854306efe,0.9325316,0.0,0.0,0.0,0.0,0.0,0.0,0.0,0.0,0.0,0.0,0.0,0.8088853,0.0,0.0,0.0,0.0,0.0,0.0,0.0,0.42857146,3,0.22314355131420976,1.7414169,0
34b73655-1322-4283-89a0-95f854306efe,0.8186327,0.0,0.0,0.0,0.0,0.0,0.0,0.0,0.0,0.0,0.0,0.0,0.74993926,0.0,0.0,0.0,0.0,0.0,0.0,0.0,0.14285715,4,0.18232155679395462,1.568572,0
34b73655-1322-4283-89a0-95f854306efe,0.83162844,0.0,0.0,0.0,0.0,0.0,0.0,0.0,0.0,0.0,0.0,0.0,0.7218197,0.0,0.0,0.0,0.0,0.0,0.0,0.0,0.42857146,5,0.1541506798272583,1.5534482,0
34b73655-1322-4283-89a0-95f854306efe,0.740879,0.0,0.0,0.0,0.0,0.0,0.0,0.0,0.0,0.0,0.0,0.0,0.68553567,0.0,0.0,0.0,0.0,0.0,0.0,0.0,0.42857146,6,0.13353139262452263,1.4264147,0
34b73655-1322-4283-89a0-95f854306efe,0.65601116,0.0,0.002134388,0.0,0.0,0.0,0.0,0.0,0.0,0.0,0.0,0.0,0.5436673,0.0,0.0,0.0,0.0,0.0,0.0,0.0,0.5714286,7,0.11778303565638346,1.1996784,0
34b73655-1322-4283-89a0-95f854306efe,0.55409986,0.0,0.0,0.0,0.0,0.0,0.0,0.0,0.0,0.0,0.0,0.0,0.48078918,0.0,0.0,0.0,0.0,0.0,0.0,0.0,0.2857143,8,0.1053605156578263,1.034889,0
34b73655-1322-4283-89a0-95f854306efe,0.53406274,0.0,0.0,0.0,0.0,0.0,0.0,0.0,0.0,0.0,0.0,0.0,0.44925433,0.0,0.0,0.0,0.0,0.0,0.0,0.0,0.2857143,9,0.09531017980432487,0.9833171,0
b058960f-3f63-4b27-8cab-8dc7e90ff949,1.1968923,0.0,0.0,0.0,0.0,0.0,0.0,0.0,0.0,0.0,0.0,0.0,1.0475231,0.0,0.0,0.0,0.0,0.0,0.0,0.0,0.75,0,0.6931471805599453,2.2444153,1
b058960f-3f63-4b27-8cab-8dc7e90ff949,1.1026447,0.0,0.0,0.0,0.0,0.0,0.0,0.0,0.0,0.0,0.0,0.0,1.1242495,0.0,0.0,0.0,0.0,0.0,0.0,0.0,1.0,1,0.4054651081081644,2.2268941,0
b058960f-3f63-4b27-8cab-8dc7e90ff949,0.9063451,0.16648082,0.0,0.16648082,0.0,0.0,0.0,0.0,0.0,0.0,0.0,0.0,0.81168866,0.13294202,0.0,0.13294202,0.0,0.0,0.0,0.0,0.5,2,0.2876820724517809,1.7180338,0
b058960f-3f63-4b27-8cab-8dc7e90ff949,0.7883207,0.0,0.0,0.0,0.0,0.0,0.0,0.0,0.0,0.0,0.0,0.0,0.7598639,0.0,0.0,0.0,0.0,0.0,0.0,0.0,0.75,3,0.22314355131420976,1.5481846,0
b058960f-3f63-4b27-8cab-8dc7e90ff949,0.6428071,0.015232946,0.0,0.015232946,0.0,0.0,0.0,0.0,0.0,0.0,0.0,0.0,0.561862,9.113978E-4,0.0,9.113978E-4,0.0,0.0,0.0,0.0,0.5,4,0.18232155679395462,1.2046691,0
b058960f-3f63-4b27-8cab-8dc7e90ff949,0.57175255,0.0,0.0,0.0,0.0,0.0,0.0,0.0,0.0,0.0,0.0,0.0,0.50368726,0.0,0.0,0.0,0.0,0.0,0.0,0.0,0.5,5,0.1541506798272583,1.0754398,0
b058960f-3f63-4b27-8cab-8dc7e90ff949,0.5763708,0.0,0.0,0.0,0.0,0.0,0.0,0.0,0.0,0.0,0.0,0.0,0.49700797,0.0,0.0,0.0,0.0,0.0,0.0,0.0,0.75,6,0.13353139262452263,1.0733788,0
b058960f-3f63-4b27-8cab-8dc7e90ff949,0.46740034,0.0,0.0,0.0,0.0,0.0,0.0,0.0,0.0,0.0,0.0,0.0,0.4190899,0.0,0.0,0.0,0.0,0.0,0.0,0.0,0.25,7,0.11778303565638346,0.8864902,0
b058960f-3f63-4b27-8cab-8dc7e90ff949,0.41850543,0.0,0.0,0.0,0.0,0.0,0.0,0.0,0.0,0.0,0.0,0.0,0.36576736,0.0,0.0,0.0,0.0,0.0,0.0,0.0,0.5,8,0.1053605156578263,0.7842728,0
b058960f-3f63-4b27-8cab-8dc7e90ff949,0.3915438,0.0,0.0,0.0,0.0,0.0,0.0,0.0,0.0,0.0,0.0,0.0,0.34323347,0.0,0.0,0.0,0.0,0.0,0.0,0.0,0.5,9,0.09531017980432487,0.7347773,0
eb2e7157-6716-4bc4-8db7-6425742c9444,2.1752636,0.0,0.0,0.0,0.0,0.0,0.0,0.0,0.0,0.0,0.0,0.0,1.9595075,0.0,0.0,0.0,0.0,0.0,0.0,0.0,0.44444445,0,0.6931471805599453,4.1347713,1
eb2e7157-6716-4bc4-8db7-6425742c9444,1.195396,0.0,0.0,0.0,0.0,0.0,0.0,0.0,0.0,0.0,0.0,0.0,1.0695107,0.0,0.0,0.0,0.0,0.0,0.0,0.0,0.22222222,1,0.4054651081081644,2.2649066,0
eb2e7157-6716-4bc4-8db7-6425742c9444,1.1306837,0.0,0.0,0.0,0.0,0.0,0.0,0.0,0.0,0.0,0.0,0.0,1.021506,0.0,0.0,0.0,0.0,0.0,0.0,0.0,0.22222222,2,0.2876820724517809,2.1521897,0
eb2e7157-6716-4bc4-8db7-6425742c9444,1.001754,0.0,0.0,0.0,0.0,0.0,0.0,0.0,0.0,0.0,0.0,0.0,0.9369448,0.0,0.0,0.0,0.0,0.0,0.0,0.0,0.22222222,3,0.22314355131420976,1.9386988,0
eb2e7157-6716-4bc4-8db7-6425742c9444,0.99813956,0.0,0.0,0.0,0.0,0.0,0.0,0.0,0.0,0.0,0.0,0.0,0.931889,0.0,0.0,0.0,0.0,0.0,0.0,0.0,0.33333334,4,0.18232155679395462,1.9300286,0
eb2e7157-6716-4bc4-8db7-6425742c9444,0.9884703,0.0,0.0,0.0,0.0,0.0,0.0,0.0,0.0,0.0,0.0,0.0,0.9121042,0.0,0.0,0.0,0.0,0.0,0.0,0.0,0.11111111,5,0.1541506798272583,1.9005744,0
eb2e7157-6716-4bc4-8db7-6425742c9444,0.98929644,0.0,0.0,0.0,0.0,0.0,0.0,0.0,0.0,0.0,0.0,0.0,0.87475395,0.0,0.0,0.0,0.0,0.0,0.0,0.0,0.33333334,6,0.13353139262452263,1.8640504,0
eb2e7157-6716-4bc4-8db7-6425742c9444,0.9467614,0.0,0.0,0.0,0.0,0.0,0.0,0.0,0.0,0.0,0.0,0.0,0.8703953,0.0,0.0,0.0,0.0,0.0,0.0,0.0,0.11111111,7,0.11778303565638346,1.8171568,0
eb2e7157-6716-4bc4-8db7-6425742c9444,0.8369281,0.0,0.0,0.0,0.0,0.0,0.0,0.0,0.0,0.0,0.0,0.0,0.79797566,0.0,0.0,0.0,0.0,0.0,0.0,0.0,0.11111111,8,0.1053605156578263,1.6349038,0
eb2e7157-6716-4bc4-8db7-6425742c9444,0.7902633,0.0,0.0,0.0,0.0,0.0,0.0,0.0,0.0,0.0,0.0,0.0,0.70965064,0.0,0.0,0.0,0.0,0.0,0.0,0.0,0.22222222,9,0.09531017980432487,1.4999139,0
